2	1	57	80	1	5	5	3	2	3	4	3	3	3	4	4	3	4	3	4	3	4	4	1	4	2	4	4	4	4	4	4	3	4	4
3	0	54	85	1	4	4	4	4	4	4	4	2	2	3	5	4	5	4	4	4	3	4	0	.	.	.	.	.	.	.	.	.	1	1
4	1	49	110	0	3	2	3	3	3	2	3	3	4	2	2	3	3	3	3	3	3	3	1	3	3	3	4	4	3	3	3	3	3	3
5	1	62	160	1	4	4	3	4	4	3	3	3	3	4	4	3	3	3	3	3	3	3	0	.	.	.	.	.	.	.	.	.	1	1
6	0	49	80	1	5	5	4	4	4	3	3	4	3	4	4	3	3	4	4	3	3	3	1	3	3	3	3	3	.	.	.	.	3	.
7	0	47	80	0	3	4	3	3	3	3	3	3	3	4	4	4	3	4	2	3	3	3	0	.	.	.	.	.	.	.	.	.	1	1
8	1	73	40	1	5	5	4	3	3	4	3	3	3	5	5	.	.	.	.	3	3	3	1	4	2	4	4	4	3	4	4	3	4	4
9	0	83	45	1	4	4	5	2	2	4	4	2	4	5	5	4	3	3	3	3	3	4	0	3	3	3	4	4	4	4	4	4	1	1
10	1	29	50	1	4	4	4	4	4	3	4	4	4	3	4	4	3	4	3	4	4	4	1	4	4	4	4	4	4	4	4	4	4	4
13	0	42	60	1	4	4	3	3	3	3	3	2	2	4	4	3	4	4	3	3	3	3	1	4	3	3	4	4	4	4	4	3	4	4
14	1	44	50	0	4	4	4	4	4	4	3	4	2	4	4	4	4	4	4	3	2	3	1	4	4	4	4	4	4	4	4	4	4	4
15	1	81	65	0	.	.	4	3	3	4	4	3	4	4	4	4	3	3	3	3	4	4	0	.	.	.	.	.	.	.	.	.	1	1
16	1	61	250	0	4	4	4	4	3	3	3	3	3	5	5	4	3	3	3	4	3	3	0	.	.	.	.	.	.	.	.	.	1	1
17	0	62	100	1	4	4	4	3	4	4	4	4	4	4	4	4	4	4	4	4	4	4	1	4	3	4	4	4	3	4	4	3	4	4
18	0	50	130	0	5	5	4	4	4	4	3	3	4	5	5	4	3	4	4	3	3	4	0	.	.	.	.	.	.	.	.	.	1	1
19	0	74	.	1	4	4	4	4	4	4	3	4	4	5	5	4	4	4	4	4	4	4	1	4	3	4	4	4	4	4	4	4	4	4
20	0	46	50	1	5	5	2	2	2	3	3	3	2	5	5	3	4	3	3	4	4	4	0	4	1	4	4	4	3	3	3	3	1	1
21	0	47	130	1	4	5	3	2	3	4	3	3	4	3	4	3	4	4	4	3	4	4	0	.	.	.	.	.	.	.	.	.	1	1
23	0	67	.	1	4	4	3	3	3	3	3	3	3	4	4	3	3	3	3	3	3	3	0	.	.	.	.	.	.	.	.	.	1	1
24	1	67	35	0	4	4	4	4	4	2	3	4	4	3	4	4	4	3	4	3	3	4	0	.	.	.	.	.	.	.	.	.	1	1
25	1	43	140	1	.	.	3	3	4	2	3	3	3	5	5	4	4	4	4	5	5	5	0	.	.	.	.	.	.	.	.	.	1	1
26	0	57	65	0	4	4	2	3	2	2	3	3	3	3	3	2	3	3	3	3	3	3	1	4	3	3	4	4	4	4	4	4	4	4
28	0	20	25	1	5	4	5	5	5	5	3	3	3	5	5	4	4	4	4	4	4	4	0	.	.	.	.	.	.	.	.	.	1	1
29	0	45	160	1	4	4	4	4	4	4	3	3	3	5	5	4	4	4	4	4	4	4	0	4	3	3	3	3	2	3	4	3	1	1
30	1	72	170	1	4	4	4	4	4	3	3	3	3	4	4	3	3	3	3	3	3	3	0	.	.	.	.	.	.	.	.	.	1	1
32	0	57	100	1	5	5	.	.	.	.	.	.	.	4	5	4	3	3	3	3	3	3	1	3	2	3	2	2	2	2	3	1	3	3
33	1	54	120	0	4	4	3	3	3	3	2	3	3	4	4	2	3	3	3	3	2	3	0	.	.	.	.	.	.	.	.	.	1	1
35	1	52	180	1	5	5	4	2	2	3	3	3	4	4	5	4	3	2	2	4	3	4	0	.	.	.	.	.	.	.	.	.	1	1
38	0	36	100	1	5	5	5	3	3	5	3	3	3	5	5	4	3	3	4	3	4	4	0	.	.	.	.	.	.	.	.	.	1	1
39	1	63	70	1	4	4	3	4	4	4	3	3	4	4	4	3	4	4	4	3	3	4	1	3	3	3	3	4	4	4	4	4	3	4
40	0	46	70	1	5	5	4	3	4	4	4	4	4	5	5	4	4	4	4	4	4	4	0	4	2	4	4	4	5	5	5	5	1	1
41	1	71	40	0	5	5	4	4	4	4	4	4	3	4	4	4	3	4	3	4	4	4	0	3	4	4	3	3	4	4	3	4	1	1
42	0	38	150	0	5	5	2	3	3	2	2	2	2	4	4	3	3	3	2	3	3	3	0	.	.	.	.	.	.	.	.	.	1	1
43	1	58	225	0	2	3	3	2	2	2	4	3	4	3	4	3	3	2	3	4	4	4	1	4	4	4	4	4	4	4	4	2	4	4
47	1	65	130	1	4	4	4	4	4	4	4	4	4	4	4	4	4	4	4	4	4	4	0	.	.	.	.	.	.	.	.	.	1	1
48	0	69	.	0	5	4	4	4	4	4	.	.	.	4	4	3	4	3	4	3	3	4	0	.	.	.	.	.	.	.	.	.	1	1
50	0	53	85	1	.	.	4	4	4	4	3	3	4	4	5	4	3	3	4	3	3	4	0	4	4	4	4	4	5	5	5	5	1	1
51	1	63	60	0	4	4	.	.	.	.	.	.	.	4	4	4	3	4	3	4	4	4	0	.	.	.	.	.	.	.	.	.	1	1
52	1	66	85	1	4	4	4	4	4	4	4	4	4	5	5	4	4	4	4	4	4	4	1	5	5	5	5	5	5	5	5	5	2	2
55	1	65	150	0	3	3	4	3	3	2	3	3	3	3	3	3	3	3	2	3	3	3	1	.	.	.	1	1	2	.	4	.	3	3
57	1	55	200	0	4	4	3	2	2	3	3	2	3	4	4	3	3	2	3	4	3	4	1	4	3	4	4	4	4	4	4	4	4	4
60	0	44	100	1	5	5	4	4	4	4	3	3	3	4	5	3	3	3	4	3	3	4	1	4	3	3	3	3	3	3	3	3	3	3
62	1	80	25	0	.	.	4	4	4	4	4	4	4	.	.	4	2	4	4	4	3	3	0	.	.	.	.	.	4	4	4	4	1	1
63	0	53	.	1	4	5	4	3	3	3	3	3	4	5	5	4	4	4	5	4	4	4	1	3	2	3	3	3	4	3	3	3	3	3
65	1	43	50	1	4	5	4	3	3	4	4	4	4	4	4	3	3	3	3	4	3	4	0	2	2	3	3	3	3	3	3	3	1	1
67	0	69	.	0	5	5	3	3	3	3	2	2	3	5	5	4	3	3	4	3	3	3	1	3	3	3	3	5	5	5	5	5	3	2
68	1	64	190	1	4	4	4	4	4	4	4	3	4	4	5	3	4	4	4	3	4	4	1	3	3	4	4	4	4	4	4	4	4	4
69	1	77	80	1	4	5	4	4	3	4	3	3	3	4	4	4	3	3	4	3	4	4	0	.	.	.	.	.	.	.	.	.	1	1
73	1	62	75	0	3	4	3	2	2	3	2	1	3	4	4	4	3	2	3	4	3	3	1	3	3	3	3	3	3	3	4	3	3	3
74	1	44	60	1	4	4	3	4	3	3	4	3	3	4	4	3	4	4	4	4	3	3	1	4	2	4	4	4	4	4	4	4	4	4
76	1	59	60	0	5	5	4	4	4	4	3	3	3	3	5	2	3	3	3	3	3	3	0	3	3	3	3	3	4	4	4	4	1	1
77	1	44	110	1	4	4	4	3	3	3	4	4	4	4	4	4	4	4	4	3	3	3	1	3	3	3	3	3	4	4	3	4	3	4
79	0	70	40	1	4	5	4	3	3	3	3	3	3	4	4	3	3	3	4	3	3	3	0	.	.	.	.	.	.	.	.	.	1	1
81	0	53	130	1	5	5	4	3	3	3	4	4	4	4	4	4	3	3	2	4	3	4	0	.	.	.	.	.	3	3	3	3	1	1
83	0	46	120	0	5	4	3	3	3	3	3	3	3	3	4	3	3	3	3	3	3	3	0	3	3	3	3	3	4	4	4	4	1	1
85	1	63	120	1	4	5	.	.	.	.	.	.	.	4	4	4	3	3	4	3	3	4	0	.	.	.	.	.	.	.	.	.	1	1
86	1	57	30	1	2	3	2	3	3	2	3	3	4	2	4	3	3	3	3	4	4	4	0	2	2	2	2	2	3	3	3	3	1	1
88	0	50	170	1	.	.	4	3	3	2	3	4	4	5	5	4	4	4	3	2	3	4	1	5	4	5	5	5	4	4	4	2	2	4
90	1	82	22	1	5	5	4	4	4	4	4	4	4	4	5	4	4	4	4	4	4	4	0	.	.	.	.	.	.	.	.	.	1	1
91	0	54	.	0	4	4	4	3	4	4	4	3	4	5	5	4	3	3	4	3	2	3	1	4	2	3	3	3	2	3	2	2	3	3
92	0	56	100	0	5	5	4	3	4	4	4	4	4	5	5	4	3	4	4	3	4	4	1	3	3	3	3	3	4	4	4	3	3	4
93	1	63	40	1	4	5	4	4	4	4	3	3	4	5	5	4	4	4	4	4	4	4	1	4	2	2	4	4	2	3	2	3	4	3
94	0	26	100	1	4	5	4	4	4	4	.	3	4	4	4	4	3	4	4	3	3	3	1	3	3	4	4	4	4	4	4	4	4	4
95	0	47	180	1	4	4	3	2	2	2	3	3	4	4	4	4	3	4	2	3	3	4	1	2	2	2	4	2	1	1	2	1	3	3
96	0	79	20	0	4	4	3	4	3	3	3	3	3	4	4	4	3	4	3	3	3	3	0	3	3	3	3	3	4	4	4	4	1	1
97	0	64	90	0	4	5	4	3	3	3	3	3	4	4	5	4	4	4	4	3	4	4	1	3	3	3	5	5	5	5	5	5	2	2
100	0	43	100	1	.	.	4	4	4	4	4	4	4	4	4	3	3	3	3	4	4	4	.	.	.	.	.	.	.	.	.	.	.	.
101	0	54	120	1	4	4	3	2	2	2	2	3	3	4	4	4	4	4	4	2	4	2	0	.	.	.	.	.	.	.	.	.	1	1
102	1	60	55	1	4	4	3	3	3	2	4	3	4	3	4	3	4	4	3	3	2	3	.	4	2	2	4	3	2	3	3	2	.	.
103	0	24	110	1	5	5	2	3	3	3	3	3	3	5	5	5	5	4	4	5	5	5	0	.	.	.	.	.	.	.	.	.	1	1
106	0	19	50	1	4	4	3	4	3	3	4	3	3	3	4	3	4	3	3	4	3	3	1	4	3	4	3	4	4	4	4	4	4	4
108	1	67	65	0	.	.	3	4	4	2	3	4	4	4	3	4	2	3	3	3	3	3	1	2	3	2	3	3	4	4	4	4	3	4
109	1	76	20	0	4	5	3	3	3	3	4	3	4	5	5	4	4	4	3	4	4	4	0	.	.	.	.	.	.	.	.	.	1	1
110	0	44	130	1	3	4	.	.	.	.	.	.	.	3	4	4	4	4	3	4	4	4	1	3	3	3	4	3	4	3	3	3	3	3
112	0	46	90	1	5	5	3	4	4	3	3	3	3	4	4	3	2	2	2	3	3	3	1	2	2	2	3	3	3	3	4	3	3	3
114	1	50	30	1	5	5	4	4	4	4	4	4	4	5	5	4	4	4	4	4	4	4	1	5	4	4	5	5	4	5	5	5	2	2
116	0	54	50	0	5	5	4	4	3	3	.	.	.	4	4	3	3	3	2	2	3	3	1	3	2	2	2	1	1	2	2	1	3	3
118	0	55	70	0	4	4	3	4	2	2	3	4	4	4	4	4	3	3	2	4	4	4	1	.	.	.	.	.	4	4	4	4	.	4
119	0	46	70	1	4	4	4	3	2	4	4	4	4	4	5	4	3	3	4	4	4	4	0	.	.	.	.	.	.	.	.	.	1	1
122	1	49	85	1	5	5	3	.	4	2	.	.	.	5	4	4	4	4	3	3	3	3	.	.	.	.	.	.	.	.	.	.	.	.
124	0	91	10	1	4	5	3	3	4	3	3	3	4	4	5	4	4	4	3	4	4	4	1	4	3	4	4	4	4	4	4	4	4	4
125	1	73	45	1	4	4	3	4	4	4	3	3	3	4	4	4	4	4	3	4	4	4	1	3	3	3	4	4	4	3	4	4	3	4
127	0	70	30	1	5	5	4	5	5	5	4	2	4	4	4	4	4	4	4	4	4	4	1	3	3	3	4	3	4	4	4	4	3	4
128	1	50	80	1	5	5	3	3	3	3	4	3	4	4	4	3	3	3	2	3	3	3	0	3	3	4	4	4	4	4	4	4	1	1
130	1	71	25	0	4	5	3	3	3	4	3	3	4	4	4	4	3	3	4	.	3	4	0	.	.	.	.	.	3	4	4	3	1	1
131	0	52	80	1	5	5	4	4	4	4	3	3	3	4	4	4	4	4	4	3	3	3	.	4	1	4	4	1	2	1	1	1	.	.
133	1	38	10	1	3	4	4	4	4	.	2	2	3	4	4	4	2	2	3	3	3	4	0	4	3	3	4	4	4	4	3	4	1	1
137	0	18	20	1	4	4	2	4	2	3	3	3	3	5	5	3	3	3	4	4	4	4	1	3	3	3	3	4	5	5	5	5	3	2
139	0	41	90	1	4	5	4	4	4	2	4	4	4	3	4	4	3	3	4	4	4	4	1	5	2	4	4	5	3	4	4	3	2	4
140	1	47	120	1	5	5	4	4	4	4	4	4	4	4	5	4	3	4	4	4	4	4	0	.	.	.	.	.	.	.	.	.	1	1
141	1	47	25	0	4	5	3	3	4	3	3	4	4	4	4	3	3	4	3	4	4	5	0	.	.	.	.	.	4	4	4	4	1	1
143	1	79	25	1	5	5	4	3	4	3	3	3	4	4	4	4	3	4	3	3	3	4	0	.	.	.	.	.	.	.	.	.	1	1
144	1	50	80	1	5	5	4	3	4	4	.	.	.	4	4	4	4	4	4	4	4	4	0	.	.	.	.	.	.	.	.	.	1	1
145	0	64	.	1	4	4	3	3	3	2	3	3	4	4	4	3	3	3	2	3	3	3	0	.	.	.	.	.	.	.	.	.	1	1
146	0	36	70	1	5	5	3	3	2	3	3	3	3	4	1	3	3	3	3	3	3	3	1	4	3	3	3	4	4	4	4	4	3	4
147	0	44	70	1	4	4	3	3	3	3	3	3	3	2	4	3	3	3	3	3	3	4	0	.	.	.	.	.	.	.	.	.	1	1
148	0	31	40	0	5	5	4	4	4	4	3	3	3	5	5	4	3	4	4	4	4	4	0	.	.	.	.	.	.	.	.	.	1	1
152	0	48	250	1	4	4	4	4	4	4	3	4	4	4	4	4	3	3	3	3	3	3	0	.	.	.	.	.	.	.	.	.	1	1
154	1	53	95	0	4	4	4	3	3	2	3	3	3	3	4	3	3	2	3	.	.	.	0	.	.	.	.	.	.	.	.	.	1	1
161	1	32	170	1	4	5	4	3	3	4	3	3	3	.	.	4	4	4	4	4	4	4	0	.	.	.	.	.	.	.	.	.	1	1
162	0	22	60	1	4	4	4	3	3	2	2	2	2	4	4	4	2	2	2	3	3	4	0	.	.	.	.	.	.	.	.	.	1	1
163	1	57	75	0	4	4	4	4	4	4	2	2	2	4	4	3	3	3	4	2	1	2	0	4	2	2	2	2	2	2	4	2	1	1
164	1	68	30	1	5	5	4	4	4	4	4	4	4	5	4	4	4	4	4	5	5	5	0	4	2	4	4	4	5	5	5	5	1	1
166	1	59	20	1	4	4	3	4	4	4	3	3	3	3	4	4	4	4	4	3	3	3	0	3	3	4	4	4	4	3	4	3	1	1
167	0	60	80	1	4	4	4	3	3	4	4	4	4	3	4	4	3	3	4	4	4	4	1	3	3	3	3	3	4	4	4	4	3	4
168	0	47	75	1	4	4	4	4	4	4	4	3	3	4	5	3	3	4	3	4	4	4	0	.	.	.	.	.	.	.	.	.	1	1
170	0	59	160	1	3	4	3	3	4	3	3	3	3	3	4	3	3	3	.	3	3	4	0	3	3	3	3	4	3	4	4	3	1	1
171	1	59	60	1	.	.	4	3	4	4	3	4	4	3	4	4	3	4	4	4	4	4	0	4	3	4	4	4	5	4	4	5	1	1
176	1	77	85	1	4	5	4	4	4	4	3	3	3	4	5	4	3	4	4	3	3	3	0	4	3	3	3	3	3	4	3	3	1	1
177	1	76	55	1	5	5	4	3	3	3	3	2	2	4	4	3	3	3	3	3	3	2	0	.	.	.	.	.	.	.	.	.	1	1
178	0	63	.	1	5	5	3	3	3	3	3	3	.	5	5	3	3	3	.	.	.	.	0	2	2	2	3	4	4	4	3	3	1	1
179	0	82	55	1	.	.	4	4	4	4	.	.	.	4	4	3	3	3	4	4	4	4	1	4	3	3	3	3	4	4	4	4	3	4
180	1	72	65	1	4	4	4	3	3	4	3	3	3	4	4	4	3	3	4	3	3	3	1	3	2	2	4	4	4	4	4	4	3	4
182	1	42	55	1	4	4	3	4	4	3	3	3	4	4	4	3	3	3	3	4	4	4	1	3	3	3	3	3	4	4	4	4	3	4
183	0	41	160	1	4	4	3	4	3	2	4	3	3	5	5	4	4	4	4	4	4	4	0	4	3	4	4	4	4	5	5	5	1	1
184	0	55	30	1	5	5	3	.	3	3	3	3	2	5	5	3	3	3	3	3	1	3	.	4	2	1	1	1	3	3	2	2	.	.
185	1	53	130	0	5	5	3	4	4	4	3	3	3	4	5	4	4	3	4	4	4	4	1	3	3	3	3	3	3	3	3	3	3	3
189	1	45	110	1	4	4	3	3	3	3	3	3	4	3	4	3	2	2	4	3	3	4	1	3	3	3	4	4	3	4	5	3	3	4
190	1	71	50	0	5	5	4	4	4	3	3	4	5	5	5	3	5	5	3	2	3	3	1	5	3	5	5	5	5	5	5	5	2	2
191	1	65	70	1	4	4	4	3	4	4	4	3	4	4	4	3	3	3	3	3	3	3	0	.	.	.	4	4	4	4	4	4	1	1
192	1	65	150	0	5	5	4	4	4	5	3	4	4	5	5	4	4	4	4	4	4	4	1	.	.	.	.	.	5	5	5	5	.	2
193	1	59	130	1	2	4	3	2	2	2	4	4	4	4	4	4	2	2	4	3	2	3	0	.	.	.	.	.	.	.	.	.	1	1
194	0	54	120	0	5	5	3	4	4	3	3	3	4	4	5	4	4	4	3	4	4	4	0	4	4	4	4	4	5	5	4	5	1	1
195	1	56	80	1	4	5	4	2	3	3	3	3	3	4	4	3	3	3	3	4	3	4	0	3	3	4	4	3	4	4	3	4	1	1
196	1	75	40	1	3	3	3	3	4	4	4	4	4	4	4	3	3	3	4	3	3	3	0	.	.	.	.	.	.	.	.	.	1	1
199	0	48	250	1	5	5	4	4	4	4	5	4	4	5	5	4	4	4	4	4	4	4	1	5	4	5	5	5	4	4	4	4	2	4
200	1	55	50	1	5	5	3	3	4	4	3	4	4	5	5	3	3	3	3	3	2	2	.	2	2	2	2	4	5	5	3	5	.	.
202	0	59	20	1	4	4	4	4	4	4	3	3	3	4	4	4	4	4	4	4	4	4	1	3	3	3	3	3	4	4	4	1	3	4
207	1	56	30	1	4	4	4	3	4	3	3	3	4	4	3	3	3	3	3	3	4	4	1	4	2	4	4	4	4	4	4	4	4	4
208	1	57	80	1	4	4	4	3	3	4	3	3	3	4	4	4	2	2	2	4	3	3	1	2	2	2	3	3	4	4	4	4	3	4
210	1	46	150	0	5	5	4	4	4	4	4	4	4	5	5	4	4	4	4	4	4	4	0	.	.	.	.	.	.	.	.	.	1	1
211	0	47	.	1	4	4	4	3	3	3	3	3	4	5	5	4	2	3	4	3	3	3	.	4	3	3	4	4	3	4	4	3	.	.
214	1	80	.	0	5	5	.	.	.	.	.	.	.	4	4	4	4	4	4	3	3	3	0	.	.	.	.	.	.	.	.	.	1	1
215	1	78	50	1	4	3	3	3	3	3	4	3	3	4	4	3	3	3	3	3	3	3	0	.	.	.	.	.	.	.	.	.	1	1
216	0	53	35	1	5	5	5	5	5	5	4	4	4	4	5	5	5	5	5	4	4	4	1	4	4	5	5	5	4	4	4	4	2	4
220	0	23	.	1	4	4	3	3	4	3	3	3	3	4	4	3	3	4	3	3	3	3	0	.	.	.	.	.	.	.	.	.	1	1
221	0	84	30	0	4	4	4	3	3	4	4	4	4	5	5	4	3	3	4	4	4	4	0	3	3	3	3	3	4	4	4	4	1	1
222	1	61	.	0	4	4	4	4	4	4	3	3	3	3	4	4	4	4	4	3	3	3	0	4	3	4	4	4	4	4	4	4	1	1
223	0	18	.	1	5	4	4	4	2	4	4	4	4	4	4	3	2	2	3	3	3	3	0	.	.	.	.	.	.	.	.	.	1	1
226	1	56	160	1	5	5	4	2	3	3	4	3	3	5	5	4	4	4	3	4	3	4	1	4	4	3	3	4	5	5	5	3	3	2
227	0	85	.	1	4	4	4	4	4	4	3	5	4	4	4	4	2	.	3	3	4	4	0	3	3	3	3	3	3	3	3	3	1	1
229	1	51	70	1	5	5	4	4	5	4	3	2	3	5	5	3	4	4	4	.	.	.	0	.	.	.	.	.	.	.	.	.	1	1
230	1	63	50	1	4	4	4	4	4	4	3	4	4	4	4	4	4	4	4	3	3	4	0	4	3	3	4	4	4	4	4	3	1	1
231	0	57	25	1	3	4	3	3	4	3	3	2	3	4	4	3	3	3	2	3	3	3	0	.	.	.	.	.	.	.	.	.	1	1
232	1	67	30	1	4	4	3	3	3	3	3	3	3	4	4	3	3	3	3	4	4	4	0	.	.	.	.	.	4	4	4	4	1	1
234	0	55	.	1	4	4	4	4	4	4	4	4	4	4	4	3	4	4	3	4	4	4	0	.	.	.	.	.	4	4	4	4	1	1
236	1	67	95	0	5	4	4	.	4	4	4	4	4	5	4	4	3	3	4	3	3	3	1	4	3	3	4	4	5	5	5	5	4	2
238	0	70	20	1	4	4	4	.	.	.	.	.	.	.	.	4	4	4	.	4	4	5	0	.	.	.	.	.	.	.	.	.	1	1
239	0	53	100	1	5	5	3	3	3	3	3	3	3	5	4	4	3	3	4	5	5	5	0	.	.	.	.	.	.	.	.	.	1	1
240	0	69	25	0	5	5	5	4	4	3	4	4	4	4	4	4	4	4	3	4	4	4	0	3	3	3	3	3	.	.	.	.	1	1
241	1	34	20	1	4	4	4	4	4	4	4	3	4	4	4	3	2	2	3	4	3	3	0	3	2	3	3	3	3	3	3	3	1	1
242	1	70	55	1	4	4	3	3	3	3	3	3	4	4	4	4	3	3	3	4	3	4	0	4	1	3	3	4	4	4	4	3	1	1
243	1	66	40	0	5	5	3	3	3	3	3	3	3	5	5	5	3	3	5	4	4	4	0	.	.	.	.	.	.	.	.	.	1	1
246	0	58	.	0	5	5	5	4	4	2	4	4	5	5	5	5	4	4	5	5	5	5	0	4	2	4	5	5	5	4	5	5	1	1
249	0	40	.	1	5	5	4	3	4	4	3	3	3	4	4	4	3	4	4	3	2	4	1	4	2	3	2	3	2	3	2	2	3	3
250	1	32	120	1	5	5	3	3	3	3	3	3	3	5	4	4	3	3	3	3	3	4	1	2	1	2	3	4	3	4	4	4	3	4
251	0	53	70	1	5	5	4	3	4	2	4	4	4	4	4	2	2	2	2	3	3	3	0	.	.	.	.	.	.	.	.	.	1	1
252	1	63	200	1	5	5	5	5	5	5	5	5	5	5	5	.	.	.	.	5	5	5	0	.	.	.	.	.	.	.	.	.	1	1
256	1	57	85	1	4	4	4	4	4	4	4	4	3	3	4	3	2	3	3	4	4	3	0	.	.	.	.	.	.	.	.	.	1	1
258	0	28	120	1	4	4	4	3	2	3	4	4	4	4	4	3	3	3	2	4	3	3	0	.	.	.	.	.	.	.	.	.	1	1
260	1	61	30	1	4	4	4	3	4	4	4	4	4	4	4	4	4	4	5	4	4	4	0	4	3	4	4	4	4	4	4	4	1	1
262	1	72	20	1	5	5	.	4	4	4	4	4	5	5	5	4	4	4	4	4	4	5	0	4	3	3	.	5	5	5	5	5	1	1
264	0	51	60	0	5	5	4	3	4	4	4	4	4	4	4	4	3	3	4	4	4	4	0	.	.	.	.	.	.	.	.	.	1	1
265	1	46	20	1	3	3	3	3	3	3	3	3	3	3	3	3	3	3	3	3	3	3	0	3	3	3	3	3	3	3	3	3	1	1
266	0	77	25	0	5	5	5	5	5	4	5	5	5	5	5	.	.	.	.	5	5	5	0	.	.	.	.	.	5	5	5	5	1	1
268	1	60	100	1	5	5	3	3	3	3	3	3	3	4	4	4	3	3	3	4	3	3	0	.	.	.	.	.	.	.	.	.	1	1
269	0	30	45	1	.	.	5	4	4	4	3	4	4	5	5	4	3	3	3	4	3	4	1	5	3	3	5	5	5	5	5	5	2	2
271	0	57	.	1	3	4	3	4	3	3	3	3	3	4	4	3	2	3	3	3	3	3	.	4	3	3	4	2	2	3	2	2	.	.
272	0	67	35	1	5	5	4	3	3	4	3	3	3	4	4	4	4	4	4	3	3	4	0	3	3	3	3	3	4	3	4	3	1	1
273	1	77	35	1	4	5	4	4	4	4	4	4	4	4	4	4	4	4	4	4	4	4	0	.	.	.	.	.	.	.	.	.	1	1
274	0	71	35	0	5	5	4	4	4	3	3	3	4	4	4	4	3	3	4	.	.	4	0	.	.	.	.	.	4	.	.	.	1	1
275	0	51	100	1	3	3	.	.	.	.	.	.	.	3	4	3	2	3	2	4	3	3	0	1	1	2	3	3	1	2	4	1	1	1
276	1	80	20	1	.	.	.	.	.	.	.	.	.	4	4	4	4	4	4	3	3	3	0	.	.	.	.	.	.	.	.	.	1	1
277	1	58	45	0	3	4	4	3	3	3	3	2	2	2	4	4	2	2	3	.	.	.	.	3	3	3	3	3	3	3	3	3	.	.
278	1	56	10	0	4	4	3	3	2	2	2	2	3	3	3	2	3	3	3	2	2	2	1	3	4	4	3	4	4	4	4	4	4	4
279	0	74	10	1	5	5	4	4	4	4	4	4	5	3	5	3	4	4	4	3	4	4	0	.	.	.	.	.	.	.	.	.	1	1
280	1	50	80	1	3	5	2	2	2	2	1	3	3	3	3	2	1	1	2	2	3	3	1	2	1	1	2	1	1	1	1	1	3	3
281	1	45	90	1	4	4	4	3	4	4	4	3	4	4	4	3	4	4	3	4	3	4	1	4	3	3	4	4	3	2	4	2	4	3
282	0	26	100	1	5	5	4	4	4	4	3	2	3	5	5	4	2	3	3	3	4	4	0	.	.	.	.	.	.	.	.	.	1	1
284	1	48	80	1	4	4	4	4	4	4	4	4	5	3	4	4	4	4	4	3	3	3	0	.	.	.	.	.	.	.	.	.	1	1
285	0	65	25	1	5	5	4	4	4	4	4	4	3	5	5	5	4	4	4	4	5	4	0	.	.	.	.	.	.	.	.	.	1	1
287	0	52	50	0	4	4	3	3	3	3	2	3	3	4	4	4	4	4	3	3	4	4	0	3	3	3	3	3	3	4	3	3	1	1
290	0	38	65	0	5	5	.	.	.	.	.	.	.	3	5	4	3	4	4	3	4	4	.	.	.	.	.	.	3	4	4	2	.	.
291	1	45	160	1	5	5	3	3	3	3	3	2	2	5	4	2	2	2	3	4	3	3	0	.	.	.	.	.	.	.	.	.	1	1
293	0	47	85	0	4	4	3	3	3	4	1	1	1	4	4	4	4	4	4	3	3	3	0	4	2	3	4	5	4	4	4	4	1	1
294	1	70	30	1	4	4	2	4	4	2	4	4	3	4	4	3	2	3	2	4	3	3	0	4	2	2	4	4	4	4	4	4	1	1
296	1	.	.	1	4	4	4	4	4	4	4	4	4	3	4	4	4	4	4	3	4	4	1	4	4	4	4	4	4	4	4	4	4	4
297	1	60	90	1	3	4	3	3	3	3	.	.	.	3	4	4	3	3	3	4	3	4	0	.	.	.	.	.	.	.	.	.	1	1
298	1	56	80	1	4	4	3	3	3	4	3	3	3	4	5	3	4	4	4	3	3	3	1	3	3	3	3	3	2	3	2	3	3	3
299	0	53	120	1	5	5	4	3	3	4	4	4	4	5	5	4	4	3	4	4	4	4	1	4	3	3	3	4	5	5	5	5	3	2
301	0	42	.	1	4	4	2	2	2	2	4	3	3	4	4	3	4	4	2	3	3	4	1	4	4	4	4	4	4	4	4	3	4	4
302	0	45	90	1	5	5	4	3	3	3	3	3	4	4	4	3	3	3	3	3	3	3	1	.	.	.	.	.	.	.	.	.	.	.
304	1	50	85	0	4	4	4	4	4	3	3	3	3	2	4	4	3	3	3	4	4	4	1	4	4	2	4	.	1	2	4	2	4	3
306	0	49	30	0	2	5	4	4	4	4	5	5	5	2	4	3	3	3	4	4	4	4	0	4	3	3	4	4	4	4	4	4	1	1
308	0	45	80	1	5	5	4	4	3	3	3	4	4	4	5	4	4	4	3	3	3	3	0	.	.	.	.	.	.	.	.	.	1	1
310	1	43	100	1	4	4	3	3	3	3	2	2	3	2	3	3	3	3	3	3	3	3	1	3	2	3	3	3	3	3	3	3	3	3
313	1	52	50	1	1	4	2	2	2	2	3	2	2	4	5	4	4	4	4	3	3	3	1	4	3	3	4	3	3	3	4	3	3	3
315	1	57	120	1	4	4	2	2	3	2	3	3	3	4	4	2	4	4	2	2	2	3	1	3	3	3	3	3	3	3	4	3	3	3
317	0	64	5	1	5	5	5	5	5	3	4	1	3	5	5	4	4	4	2	4	3	3	0	.	.	.	.	.	.	.	.	.	1	1
318	1	60	.	0	.	.	4	4	4	4	4	4	4	4	5	4	4	4	4	.	4	4	0	4	4	4	4	4	4	4	4	4	1	1
319	0	67	35	0	5	5	4	3	3	4	3	3	3	4	5	4	3	3	4	4	3	3	1	3	3	3	3	4	3	4	5	4	3	4
320	0	51	55	1	5	5	3	3	3	3	3	3	3	4	4	3	3	3	3	3	3	3	1	3	2	3	3	2	2	3	2	2	3	3
322	0	71	90	1	5	5	4	4	4	3	3	3	3	5	5	4	3	3	4	4	3	4	1	3	3	3	3	4	4	4	4	3	3	4
325	0	34	60	1	3	4	3	2	3	3	3	3	4	4	4	3	3	3	3	3	3	4	1	4	4	4	3	4	4	4	4	4	4	4
326	1	50	90	1	.	.	4	4	4	4	3	3	3	4	5	4	4	4	4	3	3	3	0	.	.	.	.	.	.	.	.	.	1	1
327	1	18	85	1	5	5	4	3	3	4	4	4	4	4	4	4	3	3	4	4	4	4	0	.	.	.	.	.	.	.	.	.	1	1
328	0	69	65	0	5	5	4	4	4	4	4	4	4	4	4	3	3	4	3	3	4	4	0	.	.	.	.	.	.	.	.	.	1	1
329	0	52	80	0	4	4	3	3	3	3	3	3	3	3	4	3	4	4	3	3	3	3	0	.	.	.	.	.	.	.	.	.	1	1
330	0	68	10	1	5	5	.	.	.	.	.	.	.	4	4	4	4	4	4	4	4	4	0	4	3	3	4	4	5	5	5	5	1	1
331	0	19	80	1	4	4	3	4	4	3	3	3	3	.	.	3	4	4	3	3	3	3	1	3	3	3	3	3	5	5	5	5	3	2
332	1	62	.	1	5	5	5	5	5	3	4	4	4	5	5	4	4	4	5	4	4	4	1	4	3	4	4	4	4	4	4	3	4	4
335	1	72	20	1	5	5	4	4	4	4	3	3	3	4	3	1	1	1	2	2	3	3	1	4	1	1	1	4	1	1	5	1	3	3
336	1	56	50	1	4	5	4	5	5	4	4	4	4	4	5	4	4	5	4	4	3	4	0	4	3	4	4	4	4	4	4	3	1	1
337	1	56	120	0	3	4	3	2	2	4	3	3	3	4	4	4	4	3	4	4	4	4	0	.	.	.	.	.	.	.	.	.	1	1
338	1	65	35	0	5	5	4	4	4	5	4	3	3	4	5	5	5	5	5	4	5	5	0	3	2	3	4	4	.	.	.	.	1	1
339	0	59	.	1	4	3	1	1	1	1	2	2	2	4	3	3	1	1	2	3	1	1	0	2	2	2	2	2	3	3	3	3	1	1
342	1	60	80	0	5	5	4	4	3	5	4	4	4	4	5	4	3	3	4	4	4	3	1	4	2	1	1	1	3	2	1	3	3	3
343	0	74	.	1	5	5	2	3	3	3	4	3	4	4	4	2	3	3	2	4	3	3	1	3	2	4	4	4	4	4	4	4	4	4
345	0	23	70	0	2	4	2	3	3	3	3	3	3	4	4	3	3	3	4	2	3	2	1	4	4	4	4	4	4	4	4	4	4	4
346	0	46	90	1	4	4	4	4	4	4	4	4	4	4	4	4	4	4	4	4	3	4	1	4	2	4	4	4	5	5	4	4	4	2
347	0	35	70	1	2	3	3	2	2	4	3	3	4	3	4	2	4	2	2	4	2	4	1	3	2	2	2	4	3	3	4	2	3	3
348	0	55	50	1	4	4	4	.	.	4	.	.	.	4	4	3	3	3	3	.	.	4	0	4	4	4	4	4	4	4	4	4	1	1
350	0	74	.	0	4	4	4	2	2	4	3	4	3	4	4	4	4	4	4	3	4	4	1	4	2	3	4	2	3	2	2	2	3	3
351	1	51	100	0	4	5	4	4	4	4	3	2	3	4	4	4	4	4	4	3	3	3	1	5	3	4	5	5	4	4	4	4	2	4
352	1	77	25	1	4	5	3	3	4	4	4	4	4	4	4	4	3	4	4	3	4	3	0	.	.	.	.	.	.	.	.	.	1	1
353	0	63	90	1	5	5	4	4	4	4	4	4	4	5	5	5	.	3	3	3	3	4	0	3	3	3	3	3	4	4	4	4	1	1
354	0	50	190	1	4	4	3	3	3	4	3	3	3	4	4	3	3	3	3	3	2	2	0	3	2	3	3	4	4	4	4	4	1	1
355	0	47	90	1	5	5	3	2	2	2	2	3	2	5	5	3	3	3	3	2	2	2	1	3	1	2	1	3	2	2	4	1	3	3
358	1	58	.	1	4	4	.	.	.	.	.	.	.	4	4	3	4	4	2	2	2	4	.	4	3	2	4	4	3	3	4	2	.	.
360	0	52	25	1	3	3	4	4	4	3	4	4	4	3	5	3	2	4	4	4	4	4	1	4	3	4	4	4	4	4	4	3	4	4
361	1	57	60	1	.	.	2	2	2	4	4	4	4	4	4	4	4	4	4	4	4	4	0	.	.	.	.	.	.	.	.	.	1	1
364	1	67	50	1	5	5	3	3	4	4	3	3	3	4	4	3	3	4	3	3	4	4	1	4	4	4	4	4	4	4	4	4	4	4
365	0	22	55	0	4	4	3	4	3	3	3	4	4	3	4	4	3	3	3	3	3	3	1	4	3	3	4	4	4	4	4	4	4	4
366	0	70	30	0	5	5	4	4	4	4	3	3	4	4	4	4	4	4	4	4	3	4	1	4	2	4	4	4	2	4	2	2	4	3
367	0	40	80	0	4	4	3	3	3	3	3	3	3	4	4	3	3	3	3	3	3	4	0	.	.	.	.	.	.	.	.	.	1	1
368	0	56	60	1	5	4	4	3	3	4	3	3	3	4	4	3	4	3	4	3	3	4	1	4	3	3	4	4	3	4	4	4	4	4
369	1	47	60	1	4	4	3	3	3	4	3	3	4	2	4	3	3	2	3	4	4	5	1	2	2	2	2	4	3	3	4	2	3	3
372	1	49	150	1	4	4	.	.	.	.	.	.	.	4	4	4	4	4	3	4	3	3	1	3	4	3	4	4	4	3	4	3	3	4
374	0	70	20	1	5	4	2	3	3	2	3	3	3	5	5	4	3	4	4	4	3	4	1	5	4	5	5	5	5	5	4	5	2	2
375	0	55	20	1	5	5	4	4	4	4	5	5	5	.	.	4	4	4	4	5	5	5	0	4	3	4	4	4	4	4	4	4	1	1
377	1	64	30	1	4	4	3	2	2	2	3	2	3	4	5	3	2	2	2	2	2	2	0	.	.	.	.	.	.	.	.	.	1	1
380	1	57	55	1	5	5	.	.	.	.	.	.	.	4	5	4	4	4	4	3	3	3	0	.	.	.	.	.	.	.	.	.	1	1
381	1	65	35	1	4	4	4	4	4	4	3	3	3	4	4	4	4	4	4	3	3	4	0	4	3	4	4	4	4	4	4	4	1	1
382	1	66	65	0	3	3	3	2	2	3	3	2	2	3	4	2	2	2	2	2	3	3	1	3	3	3	3	3	4	4	4	4	3	4
383	1	20	160	1	4	4	3	3	3	.	3	4	4	3	4	3	4	4	2	3	3	3	1	4	3	3	4	4	4	4	4	3	4	4
385	0	80	15	0	5	5	.	.	.	.	.	.	.	4	4	4	4	3	3	5	5	5	0	.	.	.	.	.	.	.	.	.	1	1
386	1	79	20	1	5	5	3	3	4	2	4	4	4	4	4	2	4	4	2	3	4	4	0	3	3	3	4	4	4	4	4	4	1	1
387	0	66	15	1	5	5	4	4	4	3	4	3	4	4	5	4	4	4	4	4	4	4	1	3	3	3	4	4	4	4	4	4	3	4
389	1	64	40	1	5	5	4	4	4	4	4	4	4	5	4	4	4	4	4	4	4	4	.	3	3	3	4	4	4	4	4	4	.	.
391	0	33	140	1	3	5	4	4	4	3	3	3	3	4	4	3	4	4	3	.	4	4	0	.	.	.	.	.	.	.	.	.	1	1
393	0	50	70	0	4	4	.	.	.	.	.	.	.	4	4	3	4	4	2	3	3	3	0	.	.	.	.	.	.	.	.	.	1	1
394	0	63	20	1	5	5	4	4	4	5	4	3	5	5	5	4	4	4	4	3	4	4	1	4	4	4	4	4	4	4	4	4	4	4
395	0	55	180	0	4	5	4	3	4	4	3	3	3	4	4	4	4	4	4	4	3	3	0	.	.	.	.	.	.	.	.	.	1	1
396	1	66	40	1	4	4	3	2	2	2	3	2	2	4	4	3	2	2	2	3	2	3	1	3	2	3	2	3	3	3	4	3	3	3
398	1	48	130	0	4	4	2	2	2	1	2	2	1	3	4	3	2	2	3	3	3	3	0	.	.	.	.	.	.	.	.	.	1	1
399	1	65	120	1	3	3	3	3	3	3	2	2	3	3	4	3	3	3	3	2	3	4	0	3	2	2	3	4	2	3	4	3	1	1
400	0	58	130	1	5	5	4	4	4	4	3	4	4	5	5	4	4	4	4	4	4	4	0	.	.	.	.	.	.	.	.	.	1	1
401	1	45	250	0	3	3	3	2	2	2	3	3	2	4	3	4	2	2	3	3	3	3	1	3	3	3	3	3	4	4	4	4	3	4
402	1	36	60	1	5	5	3	3	3	4	3	3	4	5	5	4	3	3	4	2	2	3	1	2	1	1	4	4	1	3	3	3	3	3
403	1	47	85	1	4	4	3	2	3	2	3	4	4	5	5	3	3	3	3	3	3	3	0	.	.	.	.	.	.	.	.	.	1	1
404	1	40	80	0	5	5	4	3	3	3	4	4	5	5	5	3	4	5	5	4	4	4	1	3	3	4	3	2	3	3	3	3	3	3
406	1	57	55	1	4	4	4	4	4	4	4	4	4	4	5	5	4	4	4	4	4	4	0	.	.	.	.	.	.	.	.	.	1	1
410	1	51	95	1	5	5	2	4	2	3	3	3	3	4	4	2	4	2	3	4	2	4	1	2	2	2	3	3	2	3	4	3	3	3
411	0	54	70	1	5	5	3	2	3	3	3	4	4	.	.	3	2	2	3	3	4	4	0	.	.	.	.	.	.	.	.	.	1	1
414	0	40	250	1	4	4	4	4	4	4	3	3	3	4	4	4	4	4	4	3	3	3	0	.	.	.	.	.	.	.	.	.	1	1
415	1	57	140	1	5	5	2	2	4	3	2	2	2	5	5	4	4	5	3	3	3	3	1	4	1	4	4	5	5	5	5	5	4	2
416	0	65	80	1	4	4	4	4	4	4	4	4	4	4	5	4	4	4	4	4	4	4	1	.	.	.	.	.	4	4	4	4	.	4
417	0	53	95	1	4	4	4	4	4	4	4	4	4	5	5	4	4	4	4	4	4	4	1	5	3	4	4	4	4	4	4	4	4	4
419	0	46	.	1	4	4	3	3	3	3	4	3	3	4	4	3	3	3	3	4	4	4	0	.	.	.	.	.	.	.	.	.	1	1
421	1	49	50	1	4	4	3	2	1	2	3	3	3	4	4	3	2	2	3	3	3	3	.	3	2	3	4	4	4	4	4	4	.	.
424	1	.	35	1	4	4	3	3	3	3	3	4	4	4	4	4	3	3	3	4	4	4	1	4	4	2	3	4	4	4	4	4	3	4
426	1	75	45	1	3	4	.	.	.	.	.	.	.	4	4	4	3	3	3	4	4	4	0	.	.	.	.	.	.	.	.	.	1	1
428	1	30	110	1	4	5	4	3	3	4	4	4	4	4	5	4	3	3	4	4	5	5	1	4	4	4	5	5	5	5	5	5	2	2
429	1	64	40	1	4	4	4	4	4	5	4	4	4	4	4	4	4	4	4	4	4	4	0	3	3	3	3	3	4	4	4	2	1	1
431	0	59	65	0	5	5	5	4	4	4	4	4	5	5	5	5	5	5	5	4	5	5	1	3	3	3	3	5	5	5	5	5	3	2
433	1	55	100	1	5	5	3	3	3	4	3	3	3	5	5	3	3	3	4	4	3	3	1	4	2	4	4	4	3	3	3	2	4	3
434	1	51	100	1	4	4	2	2	3	3	2	2	2	.	.	3	3	4	4	4	4	4	1	4	2	2	5	5	5	5	5	5	2	2
437	0	53	130	1	5	5	3	3	3	3	3	3	3	4	4	3	3	3	3	3	3	3	1	3	3	3	4	4	5	5	5	5	3	2
438	1	54	140	0	5	5	4	4	4	4	4	4	4	4	4	4	4	4	4	4	4	4	0	3	3	3	4	4	4	4	4	4	1	1
440	0	75	30	1	5	5	4	4	4	4	4	5	5	4	4	5	4	4	4	4	4	4	0	.	.	.	.	.	.	.	.	.	1	1
441	1	60	10	1	3	5	4	4	3	3	4	3	3	3	4	4	4	4	4	3	4	4	.	3	3	3	3	4	4	4	4	4	.	.
442	1	54	60	0	5	5	4	4	4	4	3	3	3	5	5	3	3	3	3	4	4	4	0	3	3	3	2	2	3	2	2	2	1	1
443	0	49	170	1	4	5	3	4	4	4	4	3	4	4	4	4	3	2	3	3	4	4	1	3	3	3	3	3	4	4	4	4	3	4
444	1	81	20	1	4	4	4	4	4	4	4	3	3	4	4	4	4	4	4	4	4	4	0	.	.	.	.	.	.	.	.	.	1	1
445	1	52	80	1	.	.	3	3	3	4	3	3	3	4	5	3	3	4	3	4	4	4	0	4	3	4	4	4	4	4	4	4	1	1
446	0	31	130	1	4	4	3	2	1	4	3	3	3	3	4	2	2	2	4	3	3	3	0	4	2	3	3	3	3	4	4	3	1	1
447	1	72	40	0	4	4	3	4	3	3	.	.	.	4	4	3	3	3	3	3	3	3	0	.	.	.	.	.	.	.	.	.	1	1
448	0	53	95	1	4	4	.	.	.	.	.	.	.	4	4	4	3	3	4	4	4	4	0	.	.	.	.	.	.	.	.	.	1	1
449	0	43	225	1	4	5	4	3	4	4	3	3	3	4	4	3	3	4	4	.	.	.	1	4	4	4	4	4	4	4	4	3	4	4
450	0	47	75	1	5	5	4	4	4	4	3	4	4	5	5	4	4	4	4	4	4	4	1	5	4	3	.	.	3	3	3	3	2	3
451	0	79	.	1	5	5	4	4	4	4	4	4	5	4	4	3	3	4	4	3	3	3	0	4	3	3	3	4	4	3	3	3	1	1
452	1	50	40	0	5	5	4	4	4	4	4	4	4	5	5	5	4	5	4	4	4	4	0	.	.	.	.	.	.	.	.	.	1	1
455	0	42	35	1	5	5	4	4	4	4	3	2	2	3	5	4	4	4	4	4	3	3	1	4	3	4	4	4	4	4	3	3	4	4
457	0	53	.	1	4	5	4	3	3	3	3	3	3	4	4	3	3	3	3	3	3	3	0	.	.	.	.	.	.	.	.	.	1	1
458	1	44	95	1	5	4	3	3	2	2	4	4	4	4	5	4	4	4	3	.	.	.	1	2	2	3	3	2	3	4	3	4	3	4
459	1	62	20	0	4	4	3	4	4	4	4	4	4	4	4	4	4	4	4	4	4	4	0	.	.	.	.	.	.	.	.	.	1	1
461	1	45	120	1	4	4	3	2	2	2	3	3	3	5	5	2	2	2	2	3	3	3	1	2	2	3	3	4	2	2	3	1	3	3
465	1	36	80	1	4	4	3	2	3	4	3	3	3	4	4	3	3	4	3	4	4	4	1	3	3	4	4	4	4	4	4	3	4	4
468	1	79	15	1	4	5	4	4	4	5	4	5	4	5	5	5	.	5	5	.	.	.	0	.	.	.	.	.	4	4	4	.	1	1
469	0	31	80	1	4	5	4	4	3	3	3	3	3	4	4	4	4	3	4	3	3	3	0	3	3	3	4	4	4	4	4	4	1	1
470	1	65	10	0	4	4	4	4	4	4	4	4	4	4	4	4	3	4	3	4	4	4	0	.	.	.	.	.	.	.	.	.	1	1
471	1	45	200	1	4	4	4	4	4	3	4	2	4	4	4	4	4	4	4	4	4	4	.	4	1	3	3	4	4	4	4	5	.	.
473	0	42	40	1	4	4	3	4	4	4	3	2	2	4	4	3	3	3	3	3	4	4	0	4	2	3	4	4	4	4	2	4	1	1
474	0	59	.	1	.	.	5	5	5	5	5	5	5	5	5	4	4	4	4	.	.	.	1	5	.	5	5	.	5	.	.	.	2	2
475	0	27	120	0	3	3	2	2	2	2	2	2	2	4	5	2	3	2	3	3	4	4	0	3	3	3	4	4	3	3	4	3	1	1
478	0	68	50	1	5	5	4	4	4	4	4	4	4	4	4	4	4	4	4	3	3	3	0	.	.	.	.	.	.	.	.	.	1	1
479	1	54	75	1	4	4	4	3	3	3	3	3	3	4	4	3	3	3	3	3	3	3	0	.	.	.	.	.	.	.	.	.	1	1
481	0	54	60	1	5	5	4	4	4	4	3	3	3	4	4	4	4	4	4	3	3	3	1	4	2	2	4	4	3	3	4	3	4	3
482	0	46	80	0	4	4	4	3	3	4	2	2	2	4	4	3	3	3	4	4	4	4	1	3	3	3	3	3	3	3	3	3	3	3
483	0	55	130	0	4	4	4	4	4	4	4	4	4	4	5	4	4	4	4	4	4	4	1	3	3	3	3	3	4	4	4	3	3	4
484	1	38	90	1	4	4	3	3	3	3	3	3	3	4	4	3	3	3	3	3	3	3	0	.	.	.	.	.	.	.	.	.	1	1
486	0	91	.	0	5	5	5	5	5	5	.	.	.	4	5	4	3	3	4	4	4	4	0	.	.	.	.	.	.	.	.	.	1	1
487	1	67	60	1	5	4	2	4	4	3	3	2	3	4	4	3	4	4	3	4	3	4	0	4	1	4	4	5	5	5	3	5	1	1
489	1	83	30	0	4	4	4	3	3	4	3	3	3	4	4	4	3	3	4	3	3	3	1	3	2	3	3	3	3	3	4	3	3	3
490	0	77	60	1	5	5	4	4	4	4	4	4	4	5	5	5	5	5	5	4	5	5	0	4	4	4	4	4	4	4	4	4	1	1
491	1	55	60	1	4	4	3	2	2	4	4	4	4	4	4	3	2	2	3	3	2	4	0	3	3	3	3	3	3	3	3	3	1	1
492	0	43	70	1	4	4	3	2	3	2	3	3	3	4	4	3	2	2	3	3	3	3	1	3	3	3	3	3	4	4	4	4	3	4
493	1	53	70	1	2	3	2	2	2	1	3	3	3	1	3	2	2	2	2	3	3	3	1	2	1	1	2	3	1	1	1	1	3	3
494	0	70	20	1	5	4	4	4	4	4	4	4	4	5	5	4	4	4	4	4	4	4	0	3	4	3	4	4	4	4	4	3	1	1
496	0	67	20	1	5	5	4	4	4	4	3	2	2	5	5	4	2	2	3	3	2	2	0	.	.	.	.	.	.	.	.	.	1	1
497	1	61	95	1	4	5	4	3	3	3	3	3	3	4	4	3	4	4	4	2	2	3	.	4	2	2	4	4	4	4	3	4	.	.
498	1	34	65	1	3	4	3	3	4	3	3	2	3	4	4	4	3	4	4	4	3	4	1	4	2	3	4	4	3	4	4	4	4	4
499	1	54	40	1	4	4	4	4	4	4	4	4	4	4	4	4	3	4	4	4	4	4	0	3	2	3	3	4	4	3	3	3	1	1
500	0	60	120	0	5	5	4	4	4	4	4	4	4	4	4	4	4	4	4	4	4	4	0	.	.	.	.	.	.	.	.	.	1	1
501	1	49	65	0	4	4	2	3	3	2	2	1	3	4	4	3	3	3	2	4	3	3	.	.	.	.	.	.	.	.	.	.	.	.
504	1	55	120	0	4	3	3	2	2	2	2	2	2	4	4	4	3	3	4	3	3	3	1	3	3	3	4	4	4	4	4	4	3	4
507	1	64	110	1	4	4	4	4	4	4	3	4	4	4	5	3	3	3	4	3	4	4	1	4	2	2	4	4	3	3	3	3	4	3
512	0	73	50	0	5	5	4	4	4	4	3	3	3	5	5	4	4	4	4	4	4	4	0	4	2	4	4	4	5	5	5	5	1	1
513	0	51	60	1	5	5	5	5	5	5	4	4	4	5	5	5	5	5	5	4	4	5	0	.	.	.	.	.	.	.	.	.	1	1
515	1	38	80	1	3	4	3	3	3	3	3	3	3	4	4	4	4	4	3	4	4	4	0	.	.	.	.	.	.	.	.	.	1	1
519	1	59	150	1	4	4	4	3	3	4	4	3	4	3	4	3	3	3	3	4	4	4	1	3	2	3	4	4	4	4	4	4	3	4
520	0	65	40	1	5	5	3	3	3	3	3	4	4	5	5	4	3	4	3	3	4	4	.	4	3	4	4	4	3	4	4	.	.	.
522	1	62	.	0	4	4	4	2	2	2	3	.	4	4	4	2	2	3	2	3	3	4	0	.	.	.	.	.	4	4	4	4	1	1
524	0	40	140	0	5	5	4	4	4	3	3	3	4	5	5	4	4	4	4	4	4	.	0	.	.	.	.	.	.	.	.	.	1	1
525	1	51	100	1	5	5	4	4	4	4	3	3	4	4	5	4	4	4	4	.	.	.	1	4	2	4	4	4	4	4	4	4	4	4
528	1	43	180	1	3	4	3	3	3	3	3	3	4	3	4	3	4	4	4	4	3	3	1	4	3	3	4	4	5	5	5	5	4	2
529	0	20	20	1	5	5	4	4	4	3	3	4	4	4	4	4	4	3	3	3	3	3	1	3	3	3	3	3	4	4	4	4	3	4
531	1	33	170	0	5	5	5	5	5	4	4	3	4	5	5	4	4	4	4	4	4	4	1	5	5	5	5	5	5	5	5	5	2	2
532	1	86	15	1	5	5	4	4	4	4	4	5	4	5	5	.	.	.	.	4	4	4	0	.	.	.	.	.	.	.	.	.	1	1
533	0	64	15	1	5	5	5	5	5	4	3	3	3	5	5	5	3	4	4	4	4	4	0	5	3	3	5	5	5	5	5	5	1	1
535	0	77	.	1	4	4	3	4	4	3	3	3	3	4	4	3	3	3	3	4	4	4	0	.	.	.	.	.	.	.	.	.	1	1
536	0	78	15	1	.	.	4	4	3	4	4	4	5	4	4	3	3	4	4	3	3	3	0	3	3	3	3	3	4	4	4	4	1	1
538	0	44	150	1	4	4	4	4	4	3	3	3	4	3	4	4	3	3	3	4	3	4	0	.	.	.	.	.	.	.	.	.	1	1
539	1	64	20	1	4	4	3	3	4	3	3	3	3	1	4	3	3	4	3	4	3	4	0	3	3	3	3	3	3	3	3	3	1	1
540	0	63	35	0	4	4	4	4	4	4	2	3	3	4	4	4	3	4	4	3	3	3	1	3	3	3	3	3	5	5	5	5	3	2
543	1	73	25	1	4	4	4	4	4	4	3	3	3	1	4	4	4	4	3	3	3	3	0	.	.	.	.	.	.	.	.	.	1	1
544	0	83	60	0	4	4	4	3	3	4	3	3	3	4	4	4	4	2	4	4	4	4	0	.	.	.	.	.	.	.	.	.	1	1
545	0	39	75	1	4	5	3	3	3	2	3	3	3	4	4	2	2	2	3	4	4	4	0	.	.	.	.	.	3	3	3	3	1	1
547	0	60	55	1	5	5	4	4	4	4	4	4	4	4	4	4	4	4	4	4	4	4	0	.	.	.	.	.	.	.	.	.	1	1
548	0	54	.	0	4	4	4	3	4	3	3	2	2	5	5	3	3	3	2	2	2	3	0	.	.	.	.	.	.	.	.	.	1	1
549	0	39	70	1	5	5	3	3	4	4	4	3	3	4	4	3	2	4	4	4	4	4	1	4	3	4	4	4	5	3	1	3	4	3
550	0	61	20	0	4	4	4	3	3	3	3	3	3	4	5	4	4	4	4	4	4	4	0	.	.	.	.	.	.	.	.	.	1	1
552	1	84	65	1	4	4	4	4	4	4	3	4	3	4	4	3	3	3	4	4	4	3	0	.	.	.	.	.	.	.	.	.	1	1
554	0	62	90	1	5	4	2	3	2	3	3	3	3	4	4	2	2	2	2	2	2	4	1	3	3	3	3	3	4	4	4	4	3	4
555	0	42	140	0	5	5	5	4	4	4	.	.	.	4	4	4	2	2	3	4	4	4	0	3	3	3	3	3	2	3	4	3	1	1
556	0	67	40	0	5	5	4	4	4	4	4	4	4	5	5	4	4	4	4	4	3	4	0	4	2	3	4	4	4	4	4	3	1	1
559	0	68	.	1	4	4	2	2	2	2	3	3	3	5	5	3	4	4	4	4	3	3	0	.	.	.	.	.	.	.	.	.	1	1
560	0	59	45	0	3	5	3	2	2	3	4	4	4	3	4	4	3	3	3	4	4	5	0	.	.	.	.	.	.	.	.	.	1	1
561	0	57	.	1	4	4	3	2	2	3	.	.	.	4	4	3	4	4	3	3	3	3	0	4	2	4	3	3	3	4	3	3	1	1
563	0	53	90	1	4	4	3	4	4	3	3	3	3	.	.	3	3	3	3	3	3	3	0	3	3	4	4	4	3	4	3	3	1	1
565	1	59	250	1	3	4	4	3	4	4	1	2	4	3	4	4	3	3	3	1	2	4	1	4	3	4	4	4	5	4	1	2	4	3
566	0	34	120	1	4	3	2	4	3	1	3	3	3	3	4	3	4	3	1	3	3	3	1	2	2	2	4	4	2	3	2	3	3	3
567	1	50	250	1	4	4	3	4	4	3	4	4	4	5	4	3	2	2	4	4	3	3	0	4	2	3	4	4	5	5	4	5	1	1
569	1	36	90	1	4	4	3	3	3	5	4	4	4	4	4	4	3	2	4	3	3	4	1	4	4	4	.	1	1	1	1	1	4	3
571	1	65	60	1	5	5	4	4	4	4	4	2	2	4	4	4	4	4	4	4	4	4	0	.	.	.	.	.	.	.	.	.	1	1
573	1	75	.	0	4	4	3	4	4	4	.	.	.	5	4	4	4	3	4	.	.	3	0	.	.	.	.	.	.	.	.	.	1	1
574	1	71	60	1	3	4	3	3	3	2	3	2	3	4	5	4	3	4	4	3	2	3	0	.	.	.	.	.	.	.	.	.	1	1
575	0	68	70	0	4	4	3	4	4	3	3	4	4	4	5	4	4	4	3	4	4	4	0	.	.	.	.	.	.	.	.	.	1	1
576	0	69	30	1	4	4	2	2	2	4	4	4	4	4	4	4	4	4	4	3	4	4	0	.	.	.	.	.	.	.	.	.	1	1
577	1	67	50	0	5	5	.	.	.	.	.	.	.	5	5	4	4	4	4	4	4	4	0	5	1	5	5	5	5	5	5	5	1	1
578	0	25	30	1	5	5	3	2	2	3	3	2	2	4	5	3	3	3	3	4	3	4	1	3	3	3	3	3	3	4	4	3	3	4
583	0	57	.	1	3	4	3	3	3	3	3	3	3	3	4	3	3	3	3	4	4	4	0	3	3	3	3	3	2	3	3	3	1	1
584	1	71	30	0	2	4	2	2	1	2	3	3	3	4	4	2	2	3	3	3	3	4	0	4	4	4	3	3	4	4	4	4	1	1
586	1	84	120	0	4	4	3	4	4	4	2	3	3	5	5	.	.	.	.	4	3	3	0	4	4	4	4	4	4	4	4	4	1	1
588	1	61	100	1	4	4	3	3	4	4	3	4	4	.	.	3	4	4	4	4	4	4	.	4	3	3	2	2	2	3	3	3	.	.
589	0	35	60	1	4	4	4	4	4	4	4	3	4	5	5	4	4	4	4	3	4	4	.	4	4	4	4	4	4	4	4	4	.	.
590	1	64	45	1	5	5	4	4	5	4	3	2	2	4	5	3	4	4	3	3	3	3	0	.	.	.	.	.	.	.	.	.	1	1
595	1	52	250	0	5	5	4	3	3	3	3	3	3	5	5	3	2	3	4	3	4	3	0	2	2	2	5	5	5	5	5	5	1	1
596	0	45	100	0	4	4	3	4	4	3	4	4	4	.	.	4	4	4	2	4	4	4	0	3	3	3	3	3	3	3	3	3	1	1
599	0	53	80	1	4	4	4	4	4	3	3	3	3	4	4	4	3	3	4	4	4	4	1	3	3	3	3	3	5	5	5	5	3	2
600	0	64	30	1	3	4	4	3	3	3	3	3	3	4	4	3	3	3	3	3	4	4	1	4	3	3	4	4	.	.	.	.	4	.
601	1	68	25	0	4	4	3	3	3	4	3	3	3	.	.	3	3	3	3	3	4	4	0	3	3	3	3	3	3	3	3	3	1	1
602	1	32	150	1	3	4	3	4	4	3	3	3	4	3	4	3	3	3	3	3	2	3	0	3	1	1	4	4	2	3	2	2	1	1
604	1	80	35	1	5	4	4	4	4	4	4	4	4	4	4	4	4	4	4	4	4	3	0	.	.	.	.	.	.	.	.	.	1	1
605	0	52	75	1	.	4	2	2	2	2	.	.	.	3	4	2	2	2	3	3	3	4	0	.	.	.	.	.	.	.	.	.	1	1
607	0	46	60	1	4	5	4	4	4	4	4	3	3	4	4	.	.	.	.	4	3	3	0	.	.	.	.	.	.	.	.	.	1	1
608	1	61	180	1	3	3	3	4	3	3	3	3	3	4	4	3	3	3	2	3	2	3	1	4	2	3	4	2	1	1	1	1	3	3
609	1	52	90	1	4	4	4	.	.	.	3	3	4	4	4	4	3	4	3	.	.	.	0	.	.	.	.	.	.	.	.	.	1	1
611	1	57	200	1	5	5	3	3	3	4	2	3	4	3	4	4	4	4	4	3	2	4	0	4	2	4	4	4	3	3	4	2	1	1
615	0	37	70	1	5	5	4	3	3	2	4	4	4	4	5	4	3	3	2	3	4	5	1	3	2	2	2	2	4	4	4	4	3	4
617	1	64	10	0	5	5	2	4	4	4	4	4	4	4	4	4	3	4	4	4	4	4	0	.	.	.	.	.	.	.	.	.	1	1
619	1	57	150	1	4	4	4	4	4	4	4	4	4	5	4	4	2	3	4	2	3	4	0	2	2	2	4	4	2	2	4	3	1	1
620	1	49	110	0	4	4	4	4	4	3	4	4	4	4	4	1	1	1	1	3	3	4	0	3	3	3	3	4	2	4	4	3	1	1
623	1	43	.	1	4	4	4	4	4	4	4	3	4	4	4	4	3	3	4	4	3	4	0	4	3	3	3	4	4	4	4	4	1	1
625	1	68	50	1	4	4	4	2	2	2	3	3	3	4	4	4	3	4	4	4	4	2	1	4	2	2	2	2	2	2	4	2	3	3
626	1	73	25	0	5	5	4	3	3	4	4	5	5	4	5	4	4	4	4	4	4	4	0	.	.	.	.	.	.	.	.	.	1	1
627	0	55	60	0	4	4	4	3	4	3	3	3	3	4	4	3	4	3	3	3	3	4	0	4	3	3	4	4	4	4	4	4	1	1
628	1	.	25	1	4	4	4	4	4	4	4	4	4	5	4	4	3	4	4	4	4	4	0	4	4	4	4	4	4	4	4	4	1	1
629	1	62	75	1	3	3	4	4	4	4	4	4	4	4	4	3	4	4	3	4	4	4	1	4	4	4	4	4	4	4	4	4	4	4
630	0	50	120	1	2	4	2	2	2	2	2	3	3	4	4	3	2	2	2	4	4	4	0	.	.	.	.	.	.	.	.	.	1	1
633	1	80	25	0	5	5	4	3	3	4	4	3	5	5	5	4	5	5	3	4	4	5	0	.	.	.	.	.	.	.	.	.	1	1
635	0	37	20	0	4	4	4	4	4	3	4	4	4	4	4	4	4	4	4	4	4	4	0	4	2	2	4	4	4	5	5	5	1	1
636	1	.	.	1	4	4	3	4	4	3	4	3	3	4	4	4	4	4	3	4	3	4	1	4	3	4	4	4	4	4	4	4	4	4
637	0	53	85	1	5	5	4	4	4	2	3	3	4	4	5	4	4	3	.	.	3	3	0	.	.	.	.	.	.	.	.	.	1	1
638	0	60	.	1	5	5	4	4	4	4	4	4	4	4	4	4	4	4	4	4	4	4	0	.	.	.	.	.	.	.	.	.	1	1
639	1	42	65	1	4	4	3	2	2	2	3	4	4	4	4	3	3	3	3	3	3	3	1	2	2	3	2	3	2	2	3	2	3	3
640	0	82	10	0	2	5	4	3	4	4	4	3	4	.	.	4	4	3	4	4	3	3	1	4	2	4	4	4	4	4	4	4	4	4
641	0	46	80	1	5	5	4	3	4	5	4	4	3	4	4	4	4	4	4	3	4	4	1	4	3	4	4	4	4	4	4	3	4	4
642	1	56	50	1	4	4	4	2	2	4	4	4	4	4	4	4	3	3	4	4	4	4	1	4	2	2	4	4	4	4	4	4	4	4
643	1	54	60	1	5	5	4	2	4	4	4	4	4	5	5	2	4	4	4	5	3	4	0	.	.	.	.	.	.	.	.	.	1	1
646	1	61	110	1	1	4	4	3	3	3	2	2	3	2	4	3	3	3	3	3	3	4	0	2	1	2	2	3	2	3	2	2	1	1
648	1	50	60	1	5	4	4	3	4	4	3	2	2	4	4	4	4	3	4	3	3	3	0	4	4	4	4	4	4	4	4	4	1	1
650	0	38	110	1	4	4	3	3	2	1	3	3	3	2	4	3	3	2	2	3	3	3	1	3	4	4	4	4	4	4	3	4	4	4
651	1	76	.	1	5	4	4	4	4	.	.	.	.	5	4	4	4	4	4	3	3	3	0	.	.	.	.	.	.	.	.	.	1	1
653	1	23	.	1	4	4	4	4	4	4	4	4	4	4	4	4	4	4	3	4	4	4	.	3	3	3	3	4	4	4	4	4	.	.
654	0	61	95	1	3	4	4	3	4	3	2	2	2	.	.	4	3	3	3	2	2	3	1	3	2	3	3	3	2	3	4	2	3	3
658	0	77	.	1	4	4	4	4	4	4	3	3	4	4	4	4	4	4	4	4	3	3	1	4	4	4	4	4	4	4	4	4	4	4
659	0	59	35	1	5	5	4	3	4	4	3	3	3	5	4	4	3	3	4	4	4	4	0	.	.	.	.	.	.	.	.	.	1	1
660	0	60	.	1	5	5	.	.	.	.	.	.	.	5	5	3	3	4	3	3	.	4	1	4	.	.	.	.	.	.	.	.	4	.
663	0	44	100	0	5	5	4	3	3	3	4	3	4	4	4	3	3	3	3	3	3	3	0	.	.	.	.	.	.	.	.	.	1	1
664	1	76	45	0	.	.	4	4	4	3	3	4	4	4	4	4	3	4	4	4	3	4	0	.	.	.	.	.	.	.	.	.	1	1
665	0	62	30	1	5	5	5	5	5	4	4	4	4	4	4	4	4	4	4	4	4	5	0	.	.	.	.	.	.	.	.	.	1	1
666	0	53	40	1	5	5	4	4	3	2	4	3	3	4	5	4	4	4	4	4	3	4	1	5	1	1	5	5	5	5	5	5	2	2
667	1	60	55	1	5	5	4	4	4	4	3	3	3	4	5	4	3	4	4	3	4	4	1	3	3	3	3	5	5	5	5	5	3	2
668	0	59	80	1	4	4	3	3	3	3	3	3	3	4	4	3	4	4	3	3	4	4	0	.	.	.	.	.	4	4	4	4	1	1
671	0	59	250	1	4	5	4	3	3	2	1	2	3	4	4	2	2	2	3	3	3	3	0	.	.	.	.	.	.	.	.	.	1	1
672	0	61	20	1	4	4	4	4	4	4	2	2	2	4	5	4	4	4	4	4	4	4	1	3	3	3	3	4	4	3	3	3	3	3
673	0	29	80	1	2	4	3	3	3	4	4	4	4	4	4	3	3	3	3	4	4	4	0	.	.	.	.	.	.	.	.	.	1	1
674	1	76	45	1	5	5	4	3	4	4	3	3	3	4	5	4	4	4	3	4	4	4	0	5	1	5	5	5	5	5	5	5	1	1
675	0	48	.	1	3	4	4	4	4	4	3	3	4	3	4	2	2	2	3	2	2	4	1	4	3	3	4	4	4	4	4	4	4	4
677	0	54	170	1	3	5	2	1	1	1	3	3	4	4	5	4	2	2	2	3	3	3	1	3	3	3	3	4	4	3	3	3	3	3
678	0	66	35	1	4	4	4	4	4	4	4	4	4	4	5	4	4	4	4	4	4	4	1	4	3	3	4	4	4	4	4	3	4	4
680	0	54	85	1	4	4	4	3	3	4	4	4	4	5	5	4	3	3	4	4	4	4	0	.	.	.	.	.	.	.	.	.	1	1
683	1	80	30	0	4	4	4	4	4	4	3	4	4	4	4	4	4	4	4	4	3	4	0	.	.	.	.	.	.	.	.	.	1	1
684	0	42	55	0	4	4	4	4	4	4	4	.	4	4	4	4	4	4	4	4	4	4	0	3	3	3	3	3	4	4	4	4	1	1
686	0	41	.	1	5	5	4	3	3	4	.	.	.	4	5	4	.	.	3	3	4	4	0	1	1	1	2	2	1	1	1	1	1	1
687	0	87	30	0	4	4	4	4	4	4	3	4	4	4	4	4	4	4	4	3	4	4	0	.	.	.	.	.	.	.	.	.	1	1
688	1	65	55	1	4	4	4	3	4	4	3	3	3	4	4	4	3	4	4	3	3	3	0	.	.	.	.	.	.	.	.	.	1	1
689	0	52	20	1	4	4	4	4	4	3	4	3	4	3	4	4	3	4	4	4	4	4	0	4	2	4	4	4	4	4	4	3	1	1
691	1	26	100	1	4	3	1	1	4	2	3	3	3	5	4	3	3	3	3	4	2	3	0	.	.	.	.	.	.	.	.	.	1	1
692	1	64	120	0	2	2	2	3	2	1	2	2	2	3	3	3	3	2	2	3	3	3	0	.	.	.	.	.	.	.	.	.	1	1
694	0	35	120	0	5	5	4	4	4	4	4	4	4	2	4	2	2	2	1	4	4	4	1	4	4	4	4	4	4	4	4	3	4	4
697	1	.	.	0	5	5	4	4	4	4	4	4	4	4	5	4	4	4	4	5	4	5	0	4	3	3	3	4	3	3	3	3	1	1
701	1	40	80	1	4	4	3	3	3	3	3	2	4	5	4	3	3	4	4	4	4	4	0	3	3	3	3	3	3	3	3	3	1	1
702	0	55	25	1	4	4	4	3	4	4	4	4	4	4	4	4	4	4	4	3	3	4	0	.	.	.	.	.	.	.	.	.	1	1
703	0	52	15	0	4	4	4	4	4	4	4	4	4	5	5	4	3	4	4	5	4	4	0	.	.	.	.	.	.	.	.	.	1	1
704	0	54	30	1	5	5	4	3	3	4	4	4	4	4	4	4	3	3	4	4	4	4	1	4	3	3	4	4	4	4	4	4	4	4
705	1	48	65	1	5	5	4	4	4	4	4	3	5	5	5	4	4	4	4	4	4	4	1	4	3	4	5	5	4	4	4	4	2	4
706	0	72	20	0	4	4	4	4	4	4	4	3	4	.	.	4	3	3	3	3	3	3	0	.	.	.	.	.	.	.	.	.	1	1
710	1	51	50	0	2	2	2	2	1	1	3	3	3	4	3	2	1	1	1	2	3	3	1	1	1	1	2	1	2	1	2	3	3	3
711	1	50	100	0	5	4	4	3	3	4	3	3	3	4	4	3	2	2	3	3	3	3	1	4	3	4	3	3	2	3	4	2	3	3
712	0	37	40	1	4	5	4	2	2	4	4	3	4	4	4	2	2	4	4	4	4	4	1	3	2	3	3	5	5	4	5	5	3	2
713	0	60	80	1	4	4	2	2	2	2	3	3	3	3	4	3	3	3	3	3	3	3	0	.	.	.	.	.	.	.	.	.	1	1
714	1	57	25	1	4	4	4	4	4	4	2	2	4	4	4	.	.	.	.	3	3	4	1	4	2	3	4	4	4	4	4	4	4	4
716	0	70	30	1	5	5	4	4	4	4	4	4	4	5	5	4	4	4	4	4	4	4	0	5	3	5	5	5	5	5	4	5	1	1
717	0	23	130	0	5	4	4	4	2	3	3	2	4	3	4	3	2	3	3	3	2	4	0	.	.	.	.	.	.	.	.	.	1	1
719	1	57	200	1	5	5	5	5	5	5	5	5	5	5	5	5	5	5	5	5	5	5	1	5	3	3	5	5	5	5	5	5	2	2
721	1	75	20	0	3	4	4	4	4	3	3	4	4	4	4	4	4	4	4	3	3	3	1	4	4	4	3	4	4	4	4	3	4	4
722	0	70	20	0	4	4	.	.	.	.	.	.	.	3	4	.	.	.	.	4	4	4	0	.	.	.	.	.	.	.	.	.	1	1
724	1	33	100	1	3	4	3	3	2	3	.	.	.	4	4	4	3	3	2	3	3	4	1	3	2	3	3	3	4	3	4	3	3	4
725	0	64	20	1	5	5	3	3	3	3	3	3	3	5	5	3	2	2	3	3	3	3	0	.	.	.	.	.	.	.	.	.	1	1
726	1	42	110	0	4	4	2	2	2	2	3	3	3	1	5	1	1	1	2	3	3	3	1	3	2	2	2	2	3	3	3	3	3	3
727	0	53	130	1	5	5	4	2	4	4	4	3	4	5	5	3	2	2	2	3	3	3	1	1	1	1	1	4	1	2	3	3	3	3
728	0	52	35	0	.	.	3	1	1	2	3	3	3	4	4	4	3	3	3	3	2	2	0	.	.	.	.	.	.	.	.	.	1	1
729	0	57	130	1	3	3	4	4	4	4	3	4	4	3	4	3	3	3	3	3	3	3	0	.	.	.	.	.	.	.	.	.	1	1
731	1	38	.	0	3	3	3	2	3	3	4	4	4	4	5	4	3	4	4	4	4	4	0	.	.	.	.	.	.	.	.	.	1	1
733	1	66	30	0	4	4	4	4	4	4	4	4	4	.	.	4	4	4	5	4	4	4	0	4	4	4	4	4	4	4	4	4	1	1
737	1	79	25	0	5	.	4	4	4	4	4	3	3	4	4	3	3	4	3	4	4	4	0	.	.	.	.	.	4	4	4	4	1	1
738	1	59	85	1	5	5	4	4	4	4	4	2	2	4	4	3	2	2	4	4	4	4	1	4	2	2	4	4	4	4	4	4	4	4
742	1	27	85	1	2	3	2	2	2	2	3	3	3	3	4	2	2	2	3	3	2	3	0	.	.	.	.	.	.	.	.	.	1	1
743	1	65	30	0	5	5	5	4	4	4	4	4	4	5	5	4	3	3	4	4	5	5	1	4	3	3	3	3	4	4	4	4	3	4
744	0	74	10	0	5	5	2	4	5	5	5	4	4	4	4	5	4	5	3	5	5	4	0	4	5	4	5	4	4	5	4	4	1	1
746	1	83	45	1	5	5	4	4	4	3	3	4	3	4	4	4	4	4	4	4	4	4	0	4	3	3	3	4	3	3	3	3	1	1
747	1	42	75	0	.	.	4	4	4	3	4	3	4	4	4	4	4	3	3	3	3	4	0	.	.	.	.	.	.	.	.	.	1	1
748	1	54	130	1	3	4	4	3	3	4	4	3	3	4	4	4	3	3	4	3	3	3	1	.	.	.	.	.	4	4	4	5	.	4
749	0	73	80	1	2	.	3	3	3	3	3	3	3	2	4	4	3	3	3	3	3	3	1	3	3	3	3	4	4	3	3	4	3	4
751	0	21	15	1	5	5	4	3	3	3	4	4	4	5	5	4	3	3	2	4	3	4	0	.	.	.	.	.	.	.	.	.	1	1
752	1	67	20	0	5	4	4	4	5	5	4	5	5	5	4	5	4	4	2	3	3	3	0	3	3	3	3	3	3	3	3	3	1	1
754	0	42	160	1	5	5	3	2	3	3	3	3	3	5	5	4	4	4	4	3	3	3	0	2	1	1	3	2	1	2	2	3	1	1
755	1	62	110	0	5	3	3	4	3	4	2	1	2	4	3	4	3	3	3	2	2	3	0	4	2	2	4	4	4	4	4	4	1	1
756	0	58	110	0	5	5	.	.	.	.	.	.	.	4	4	4	4	4	4	4	4	4	0	4	4	4	4	4	4	4	4	4	1	1
757	1	38	90	1	5	5	4	4	4	4	3	3	3	5	5	2	4	3	3	4	2	3	1	4	3	4	4	4	4	4	4	4	4	4
758	1	53	200	0	4	4	4	4	4	3	3	3	3	4	5	4	3	3	3	3	3	3	0	.	.	.	.	.	.	.	.	.	1	1
759	1	49	250	1	3	3	4	2	1	2	3	3	3	4	4	4	2	2	2	4	2	3	1	4	4	4	3	3	4	4	4	4	3	4
761	0	.	50	0	4	4	4	4	4	4	3	3	4	4	5	4	4	4	4	4	4	4	0	.	.	.	.	.	.	.	.	.	1	1
762	1	50	55	1	3	4	3	4	4	4	4	3	4	4	4	3	3	3	3	3	4	4	1	4	2	2	4	3	2	3	4	2	3	3
763	1	61	20	0	4	4	4	4	3	2	4	4	4	4	4	4	4	4	4	4	4	4	0	4	3	2	4	4	4	4	4	4	1	1
764	1	39	30	1	3	4	3	2	3	2	3	3	4	4	4	3	3	3	3	4	3	4	0	4	3	3	3	4	4	4	4	4	1	1
765	0	57	65	1	5	5	4	4	4	4	3	4	4	4	4	4	3	3	4	4	4	4	0	.	.	.	.	.	.	.	.	.	1	1
766	1	.	50	1	4	4	4	4	3	4	4	4	4	4	4	3	3	4	4	4	4	4	0	4	4	4	4	4	4	4	4	4	1	1
767	0	83	20	1	5	5	4	4	3	4	1	2	3	5	5	5	5	5	5	5	5	5	0	.	.	.	.	.	.	.	.	.	1	1
768	1	53	110	1	5	5	4	3	3	3	4	3	4	5	5	2	3	4	4	4	4	4	0	4	3	3	3	3	5	4	4	4	1	1
772	1	83	45	0	5	5	4	4	4	3	3	4	4	4	4	3	3	4	3	4	4	4	0	5	3	3	4	4	5	5	2	3	1	1
775	0	45	150	1	5	4	4	4	4	4	3	3	4	4	4	2	2	2	2	3	3	3	1	1	1	4	4	4	3	3	3	3	4	3
778	0	28	55	1	5	4	3	2	2	2	3	2	2	5	5	4	4	4	3	4	4	4	1	4	3	4	4	4	4	4	4	4	4	4
779	0	63	25	1	4	4	4	3	3	3	3	3	3	4	4	3	3	3	3	3	3	3	1	4	2	3	5	5	3	5	4	3	2	3
780	0	.	.	0	4	4	4	4	3	3	3	3	3	4	5	4	4	3	4	3	3	3	0	.	.	.	.	.	.	.	.	.	1	1
782	0	43	80	1	5	5	3	4	4	4	3	3	3	3	4	3	3	4	4	4	3	3	0	.	.	.	.	.	.	.	.	.	1	1
783	0	84	15	1	5	5	4	4	4	4	3	4	4	5	5	5	5	5	5	4	4	4	0	.	.	.	.	.	.	.	.	.	1	1
784	1	41	150	1	4	4	4	4	4	4	4	3	3	4	4	4	3	3	3	3	2	3	1	4	2	2	3	4	3	3	4	2	3	3
788	0	.	.	.	5	5	4	4	4	4	4	4	5	5	5	4	4	.	4	3	3	4	0	4	2	4	4	4	4	4	4	4	1	1
789	0	53	.	1	5	5	5	4	4	4	4	4	4	5	5	4	4	4	4	4	4	4	0	3	3	3	3	5	5	5	5	5	1	1
790	0	55	75	1	5	5	4	4	4	4	4	3	4	4	5	4	4	4	4	4	4	4	1	2	2	2	4	4	3	4	4	3	3	4
793	0	61	30	1	5	4	4	4	4	4	5	5	5	5	5	3	3	3	3	3	3	3	0	4	2	4	4	4	4	4	4	3	1	1
794	0	81	.	0	5	5	4	4	3	4	4	3	4	5	4	3	3	3	4	3	3	3	0	.	.	.	.	.	.	.	.	.	1	1
800	0	55	40	1	5	5	4	4	4	4	4	4	4	4	4	4	3	4	4	4	4	5	0	4	2	4	4	5	4	4	4	4	1	1
801	0	44	50	1	5	4	2	3	3	2	3	3	3	4	4	3	3	3	2	3	3	3	1	3	3	3	3	4	3	3	3	3	3	3
803	1	68	20	0	4	4	1	1	2	2	2	1	1	3	4	3	3	3	3	3	3	3	0	.	.	.	.	.	.	.	.	.	1	1
804	0	50	.	1	5	4	4	4	3	4	4	4	4	4	5	4	4	4	4	4	4	4	1	4	3	3	4	4	4	4	4	4	4	4
805	1	64	75	0	4	4	4	4	4	4	3	3	3	5	4	4	4	4	4	2	2	3	0	.	.	.	.	.	.	.	.	.	1	1
808	1	77	15	1	5	5	4	3	4	4	4	4	4	4	4	4	3	3	3	4	4	4	0	4	3	4	4	4	4	4	4	4	1	1
814	1	70	30	0	4	4	2	3	3	3	3	4	4	4	4	2	2	2	3	4	3	4	0	.	.	.	.	.	.	.	.	.	1	1
815	0	53	.	1	.	.	.	.	.	.	.	.	.	4	4	4	4	4	4	5	4	4	0	.	.	.	.	.	.	.	.	.	1	1
816	1	79	30	0	5	5	4	4	4	5	5	5	5	4	5	4	4	4	5	5	3	4	0	.	.	.	.	.	.	.	.	.	1	1
817	0	28	120	1	5	5	4	4	4	4	2	2	2	4	4	3	4	4	3	3	4	3	1	4	1	3	4	4	5	5	5	5	4	2
820	0	27	70	0	3	4	3	4	3	4	3	3	3	4	5	4	4	4	4	3	3	4	1	4	2	4	4	4	2	3	4	2	4	3
821	0	34	160	0	5	5	4	4	4	4	3	3	3	4	5	4	4	4	3	4	4	5	0	.	.	.	.	.	.	.	.	.	1	1
824	0	66	.	1	5	5	3	2	2	3	4	4	4	4	4	2	3	3	2	4	4	5	0	.	.	.	.	.	.	.	.	.	1	1
825	0	48	65	0	5	5	4	3	3	4	3	3	3	5	5	3	3	3	3	3	4	4	0	.	.	.	.	.	.	.	.	.	1	1
826	0	86	40	1	4	4	4	5	4	5	3	1	3	4	4	4	3	4	3	.	.	.	1	2	2	3	3	3	2	3	3	3	3	3
828	1	49	120	1	4	4	3	3	4	3	4	2	4	5	5	2	2	2	2	3	3	4	1	1	1	1	1	4	1	1	1	1	3	3
830	1	63	40	1	5	5	3	3	3	3	4	4	4	5	5	3	1	1	1	5	5	5	.	1	1	1	1	1	4	4	4	1	.	.
831	0	61	.	1	5	5	4	4	4	4	4	4	4	5	5	4	4	4	4	4	4	4	0	4	4	4	4	4	4	4	4	4	1	1
832	0	43	110	1	5	5	4	3	3	2	4	3	4	5	5	4	3	3	3	3	3	3	0	.	.	.	.	.	.	.	.	.	1	1
834	0	27	.	1	5	5	4	4	4	4	3	3	4	5	5	4	4	4	3	4	4	4	1	3	2	3	4	4	4	4	5	5	3	2
835	1	70	60	1	4	4	4	4	4	4	4	3	3	4	4	4	4	4	4	4	4	4	0	.	.	.	.	.	.	.	.	.	1	1
836	0	74	35	0	5	5	4	4	4	5	4	4	4	4	5	4	4	4	4	4	4	4	.	3	3	3	3	3	5	5	5	5	.	.
839	1	38	110	1	4	4	4	4	4	4	3	4	4	3	4	4	3	4	4	4	4	4	1	3	3	3	3	3	4	4	4	4	3	4
840	0	69	70	1	4	4	4	4	4	4	.	.	.	.	4	4	4	4	4	3	3	3	0	.	.	.	.	.	.	.	.	.	1	1
841	0	58	85	0	5	4	4	4	4	4	3	3	3	5	5	3	3	4	3	3	4	4	0	.	.	.	.	.	.	.	.	.	1	1
842	0	43	75	1	5	5	4	4	4	4	4	4	4	4	5	4	4	4	4	4	4	4	1	4	4	4	3	4	4	4	4	4	4	4
844	0	39	120	1	4	4	4	3	4	4	4	3	4	4	4	4	3	3	3	3	3	4	0	4	4	4	4	4	4	4	4	4	1	1
845	1	33	25	1	3	4	4	3	3	3	3	3	3	2	4	3	3	3	3	3	3	3	0	.	.	.	.	.	.	.	.	.	1	1
848	1	49	.	1	4	4	3	3	2	4	3	3	3	3	3	3	3	4	2	3	3	4	1	2	3	2	3	2	2	3	2	3	3	3
850	0	42	40	1	4	4	4	4	3	3	5	4	4	4	5	3	1	2	4	4	4	4	1	4	3	4	4	4	5	5	3	4	4	2
851	0	62	100	1	5	4	4	4	4	4	4	4	4	4	4	4	4	4	4	4	3	4	1	4	3	4	4	4	2	3	2	2	4	3
852	0	46	75	1	5	5	3	3	3	3	4	3	4	4	5	4	3	3	3	4	4	4	1	3	2	3	4	4	4	4	4	4	3	4
855	0	63	45	1	5	5	4	4	4	3	4	4	4	4	4	4	3	3	4	4	4	4	0	3	3	3	3	3	4	4	4	4	1	1
856	1	73	.	0	5	4	5	4	4	4	4	4	4	4	5	4	4	.	3	4	4	5	.	.	.	.	.	.	.	.	.	.	.	.
860	0	.	50	1	4	4	3	3	3	3	4	4	4	.	4	3	3	3	3	4	4	4	.	.	.	.	.	.	.	.	.	.	.	.
861	1	74	30	0	5	5	5	4	4	5	4	4	4	4	4	4	4	4	4	5	5	5	0	.	.	.	.	.	5	5	5	5	1	1
862	0	56	100	1	4	4	4	3	3	4	3	4	4	5	5	4	3	3	4	4	4	3	0	4	3	4	4	4	4	4	4	4	1	1
863	1	42	65	1	4	3	2	2	3	3	3	3	3	.	.	3	4	4	2	3	3	4	0	.	.	.	.	.	.	.	.	.	1	1
866	1	49	90	1	5	5	3	3	3	3	3	3	3	4	5	4	4	4	4	4	4	4	0	4	3	4	4	4	4	4	4	4	1	1
868	0	.	25	0	3	3	3	4	3	3	4	4	2	4	4	3	3	4	3	3	3	3	0	.	.	.	.	.	.	.	.	.	1	1
869	0	36	65	0	5	5	4	3	3	3	4	4	4	5	5	4	2	2	4	3	4	4	0	.	.	.	.	.	.	.	.	.	1	1
870	1	31	90	1	4	4	4	3	3	3	2	3	3	3	4	3	4	3	3	2	2	3	0	.	.	.	.	.	.	.	.	.	1	1
872	1	20	110	1	3	5	3	3	3	3	.	.	.	4	4	4	3	3	3	3	4	4	1	3	3	3	3	4	3	4	4	3	3	4
876	0	28	75	1	5	5	3	2	3	3	4	4	3	4	5	3	3	3	3	3	4	4	0	.	.	.	.	.	.	.	.	.	1	1
878	1	61	55	1	4	5	4	3	3	3	3	3	3	4	4	3	3	3	3	4	4	4	0	2	2	2	.	2	2	4	2	2	1	1
879	1	44	60	1	4	4	2	3	4	4	4	4	4	4	4	3	4	3	4	4	3	4	0	.	.	.	.	.	.	.	.	.	1	1
880	0	46	90	0	5	5	3	3	3	4	3	4	4	4	5	4	.	4	3	3	4	4	0	.	.	.	.	.	.	.	.	.	1	1
882	1	36	100	1	4	4	4	2	2	2	4	4	4	4	4	4	4	4	4	4	4	4	0	.	.	.	.	.	.	.	.	.	1	1
883	1	67	120	1	.	.	4	4	4	3	1	3	3	5	5	5	5	3	5	5	5	5	0	.	.	.	.	.	5	5	5	5	1	1
884	1	81	.	1	4	5	4	3	3	3	3	3	4	4	4	4	2	2	2	3	4	4	0	.	.	.	.	.	.	.	.	.	1	1
885	0	45	.	1	4	4	4	3	3	4	3	3	3	5	5	.	.	.	.	3	3	3	0	.	.	.	.	.	.	.	.	.	1	1
886	0	48	95	1	5	5	3	3	3	3	3	2	3	4	4	3	3	3	3	3	3	3	0	.	.	.	.	.	.	.	.	.	1	1
887	0	81	95	1	4	4	4	4	4	4	4	4	4	4	4	3	3	3	3	4	4	4	0	4	4	4	4	4	4	4	4	4	1	1
888	1	63	40	1	5	5	4	3	3	4	3	3	3	4	4	4	4	4	4	3	3	3	1	4	3	4	4	4	4	3	3	3	4	3
889	1	.	150	1	4	4	4	3	4	4	3	3	4	5	5	4	3	3	4	3	3	4	1	4	4	4	4	4	4	4	4	4	4	4
891	1	58	225	1	3	4	4	4	4	3	3	3	3	4	5	4	3	3	3	4	2	2	1	2	2	2	2	4	3	3	4	2	3	3
893	1	50	140	1	5	4	.	.	.	.	.	.	.	4	4	3	4	4	3	3	2	3	1	4	4	4	3	4	3	3	3	2	4	3
896	0	64	45	1	5	5	4	4	4	4	2	2	2	4	4	4	4	4	4	4	3	3	1	4	3	3	3	5	5	5	5	5	3	2
900	1	76	30	1	5	5	4	4	3	4	4	3	4	4	4	4	4	4	3	4	4	4	0	4	4	.	3	4	4	4	4	4	1	1
902	0	85	35	1	5	5	5	5	5	5	4	4	4	4	4	4	4	4	4	4	4	4	1	4	.	4	4	4	4	4	4	4	4	4
903	0	47	85	1	4	5	4	4	4	4	4	4	4	4	5	4	4	4	5	4	4	4	1	4	3	4	4	4	5	5	4	5	4	2
904	1	67	40	1	4	4	3	3	4	4	4	3	3	4	4	4	2	2	4	4	3	3	0	4	1	1	4	4	1	2	4	3	1	1
905	1	58	150	0	5	5	4	4	4	4	3	3	4	4	4	3	3	3	3	4	4	4	0	3	3	3	3	3	4	4	4	4	1	1
906	0	76	45	1	5	5	4	2	2	3	4	4	3	5	5	4	2	2	4	4	4	4	0	3	3	3	3	4	4	4	4	5	1	1
907	1	80	25	0	5	5	4	4	4	3	4	4	4	4	4	4	4	3	4	4	4	4	1	.	.	.	.	.	.	.	.	.	.	.
908	0	55	120	1	4	4	3	3	3	4	3	3	3	4	4	3	3	3	3	3	3	3	0	3	3	3	3	3	3	3	3	3	1	1
911	0	54	140	1	5	5	2	4	3	3	3	3	3	.	.	4	4	4	4	3	3	3	0	3	3	3	3	3	3	3	3	3	1	1
913	0	23	20	1	4	5	4	4	4	2	2	2	3	4	5	3	3	3	3	3	3	3	1	3	2	3	3	3	3	3	4	3	3	3
914	0	57	130	0	4	4	4	4	4	3	3	4	4	4	4	4	3	3	3	4	4	4	0	4	3	4	4	4	4	4	4	2	1	1
915	1	49	40	1	3	4	2	2	2	3	3	4	4	4	4	2	3	3	2	4	4	4	0	.	.	.	.	.	.	.	.	.	1	1
916	0	63	.	1	5	5	3	4	4	4	4	3	3	4	4	4	4	4	3	3	3	3	1	3	3	3	3	3	4	.	4	.	3	4
917	1	59	85	1	5	5	4	3	4	4	4	3	3	5	5	3	2	3	4	4	3	4	0	3	2	2	3	4	4	4	4	4	1	1
918	0	38	65	0	4	3	3	3	3	3	3	3	3	4	4	3	3	3	2	3	3	3	0	4	3	4	4	4	3	3	3	3	1	1
919	0	58	120	1	4	4	2	3	3	2	3	3	3	4	4	3	3	3	4	2	3	3	0	.	.	.	.	.	.	.	.	.	1	1
920	0	47	80	1	4	4	3	4	4	3	4	3	3	4	4	2	3	3	3	3	3	4	1	3	3	3	3	3	4	4	4	4	3	4
921	1	29	55	1	4	4	2	2	2	2	3	3	3	4	4	4	4	4	3	3	3	3	1	4	3	3	4	3	3	3	3	3	3	3
923	0	59	.	1	5	5	4	4	4	4	4	4	4	5	4	4	4	4	4	3	3	4	0	4	4	4	4	4	5	5	5	5	1	1
924	1	67	20	0	5	5	3	4	4	3	2	2	2	5	5	3	3	3	3	4	4	4	0	3	3	3	4	4	4	4	4	4	1	1
925	0	30	65	1	5	5	4	3	4	4	3	3	3	5	5	4	3	3	3	3	3	3	0	4	2	4	4	4	5	5	5	5	1	1
928	0	22	25	0	4	4	3	3	3	3	3	3	3	4	4	3	2	3	2	3	2	2	1	3	2	3	3	4	3	3	3	4	3	3
929	1	57	85	1	4	5	3	3	3	3	3	3	3	4	5	2	2	3	4	2	2	3	1	3	3	3	3	3	4	3	3	3	3	3
930	1	66	30	1	4	4	3	3	4	4	3	4	4	5	5	3	3	3	3	3	4	4	0	.	.	.	.	.	.	.	.	.	1	1
931	1	48	120	1	3	3	3	3	4	2	4	3	4	4	4	3	3	3	4	3	4	4	.	3	4	4	4	4	4	3	3	3	.	.
932	0	49	100	1	4	4	4	3	4	3	3	3	3	4	4	3	3	3	3	3	3	4	0	.	.	.	.	.	.	.	.	.	1	1
934	1	49	130	1	4	4	2	3	3	3	.	.	.	4	4	3	3	4	3	3	3	3	1	3	3	3	3	4	4	3	4	3	3	4
936	1	55	100	1	3	4	3	2	3	4	2	2	2	4	4	3	3	3	3	4	4	4	1	3	3	3	5	5	5	5	5	5	2	2
938	0	25	180	1	4	4	3	3	3	3	3	2	3	4	4	3	3	3	3	3	3	3	0	3	3	3	3	3	4	4	4	3	1	1
940	1	39	225	1	4	4	4	3	4	4	4	4	4	4	4	4	3	3	4	3	4	4	0	4	4	4	4	4	4	4	4	4	1	1
941	0	66	10	1	5	5	3	3	3	3	4	4	4	5	5	4	3	3	4	5	5	5	0	5	2	5	5	5	5	.	.	.	1	1
942	1	67	45	1	4	4	3	3	4	4	4	4	4	3	4	4	4	4	4	4	4	4	1	4	4	4	4	4	4	4	4	4	4	4
943	0	48	85	0	5	5	4	3	4	3	3	3	3	4	5	4	3	4	4	4	4	4	0	.	.	.	.	.	.	.	.	.	1	1
944	0	43	100	1	5	5	4	3	4	3	3	3	4	4	4	4	3	3	3	3	3	3	0	3	2	3	4	4	4	3	4	3	1	1
945	0	61	.	1	4	4	4	3	.	4	3	3	3	4	4	3	3	4	3	3	4	3	0	.	.	.	.	.	.	.	.	.	1	1
946	0	39	250	1	5	5	4	4	4	4	4	4	4	5	5	4	4	4	3	.	.	.	0	3	3	3	3	5	5	5	5	5	1	1
948	0	23	80	1	3	4	3	4	2	3	3	3	4	3	4	3	3	3	3	3	3	3	1	3	3	3	3	4	4	4	4	4	3	4
950	1	27	55	1	4	4	4	3	4	4	4	4	4	4	4	4	4	4	3	4	4	4	0	.	.	.	.	.	.	.	.	.	1	1
952	0	53	70	1	4	4	3	3	3	3	3	3	3	4	5	4	4	4	4	4	4	4	0	4	2	2	4	3	4	4	4	4	1	1
954	0	63	30	0	3	1	2	2	3	3	3	3	3	3	3	3	3	3	3	3	3	3	0	3	3	3	3	3	3	3	3	3	1	1
956	1	36	120	1	5	5	2	2	2	3	3	3	3	5	4	.	.	.	.	3	2	4	0	4	1	4	4	4	3	2	3	2	1	1
957	1	62	75	1	5	5	4	4	4	4	3	3	3	5	5	3	3	3	3	3	3	3	.	.	.	.	.	.	.	.	.	.	.	.
962	1	55	110	1	5	5	4	3	4	3	3	3	4	4	5	3	3	3	3	3	3	3	1	4	4	4	4	4	4	4	4	4	4	4
963	0	57	130	1	4	4	2	3	3	2	4	4	4	4	4	2	3	3	3	4	4	4	0	.	.	.	.	.	.	.	.	.	1	1
964	1	57	100	1	4	5	4	3	4	4	3	3	3	.	.	4	4	4	4	4	4	4	0	.	.	.	.	.	.	.	.	.	1	1
965	1	50	65	1	4	4	4	4	4	4	4	4	4	4	4	4	4	4	4	4	4	4	1	3	2	2	4	4	4	4	4	4	3	4
967	0	.	30	1	5	5	4	4	4	4	3	3	3	5	4	4	4	4	4	4	4	4	0	3	3	3	3	4	5	4	4	4	1	1
969	1	82	22	0	4	4	3	4	4	4	3	3	3	4	4	3	3	3	4	4	4	4	0	.	.	.	.	.	.	.	.	.	1	1
970	1	71	40	1	5	5	4	4	4	4	4	3	4	5	4	4	3	4	3	4	3	4	0	3	3	3	4	4	4	4	4	4	1	1
971	0	24	30	1	5	5	5	4	3	3	4	3	3	4	5	4	4	2	4	3	3	4	1	4	3	3	3	4	4	4	2	4	3	4
972	.	.	.	.	5	5	.	.	.	.	.	.	.	5	5	4	3	3	4	4	4	4	0	.	.	.	.	.	.	.	.	.	1	1
973	0	58	10	1	5	4	2	4	2	3	2	2	2	5	5	3	2	2	2	3	3	4	1	4	2	4	4	4	4	4	4	4	4	4
974	0	35	45	1	4	4	4	4	4	3	3	4	4	.	.	4	3	4	3	4	4	4	0	.	.	.	.	.	.	.	.	.	1	1
975	0	42	65	1	5	5	4	4	4	4	.	.	.	5	5	4	3	3	4	3	3	4	1	4	3	3	3	4	4	3	3	3	3	3
977	1	62	30	1	4	4	3	3	3	2	3	3	3	3	4	2	3	3	2	4	3	4	0	.	.	.	.	.	.	.	.	.	1	1
978	1	80	25	0	4	4	3	3	3	4	3	4	4	5	4	4	4	4	4	4	4	4	0	.	.	.	.	.	.	.	.	.	1	1
979	1	46	85	1	4	4	4	4	4	3	4	4	4	4	3	3	4	4	2	5	4	4	0	.	.	.	.	.	.	.	.	.	1	1
980	0	54	70	1	5	5	3	3	3	3	.	.	.	5	5	4	4	4	4	4	4	4	0	.	.	.	.	.	4	4	4	4	1	1
981	0	70	20	0	4	4	4	4	3	3	4	4	4	4	4	4	3	3	3	3	3	4	1	4	3	3	4	4	3	4	3	3	4	3
982	0	85	.	0	5	.	4	3	4	3	4	4	4	4	4	4	3	4	4	3	3	3	0	.	.	.	.	.	.	.	.	.	1	1
985	0	32	95	1	5	5	3	3	3	3	4	3	3	4	5	3	2	2	3	4	4	4	0	.	.	.	.	.	.	.	.	.	1	1
986	1	43	100	0	5	5	3	4	4	3	3	3	3	5	5	3	3	3	3	3	3	3	1	4	3	3	4	4	3	2	2	2	4	3
989	0	42	90	1	5	5	4	4	4	3	4	3	3	4	4	4	4	4	4	3	3	3	0	.	.	.	.	.	.	.	.	.	1	1
990	1	.	45	0	1	3	1	1	1	1	2	2	2	4	4	.	.	.	.	2	2	3	1	4	2	3	3	3	3	2	2	2	3	3
991	1	41	60	1	4	4	4	3	4	3	4	3	3	2	4	4	3	3	3	3	3	3	1	3	3	3	4	4	4	4	4	3	3	4
993	1	40	65	1	5	5	4	4	4	3	4	3	3	5	5	4	4	4	4	4	4	4	0	.	.	.	.	.	.	.	.	.	1	1
994	1	34	100	0	3	4	3	2	3	3	3	3	3	3	4	3	1	2	2	.	.	.	0	.	.	.	.	.	4	4	3	3	1	1
995	0	62	.	0	4	5	4	3	4	3	3	3	3	3	5	4	3	3	4	3	3	3	0	.	.	.	.	.	.	.	.	.	1	1
996	1	22	120	1	.	.	4	4	2	4	3	3	3	4	4	2	3	3	3	4	3	3	0	.	.	.	.	.	.	.	.	.	1	1
997	1	67	65	0	4	4	4	4	4	3	4	4	4	4	4	4	3	3	3	3	4	4	0	4	2	2	3	3	3	3	4	3	1	1
998	1	62	130	1	2	.	3	3	3	2	3	2	3	1	2	2	3	2	2	3	2	2	0	.	.	.	.	.	.	.	.	.	1	1
1001	0	38	.	1	4	4	3	3	4	4	4	4	4	4	5	4	4	4	4	4	4	4	0	.	.	.	.	.	.	.	.	.	1	1
1002	1	49	120	1	5	5	4	4	4	4	3	4	4	4	4	3	4	2	4	4	4	4	0	4	4	3	4	4	4	4	4	4	1	1
1003	0	28	150	1	5	5	4	4	4	4	4	4	4	4	4	4	4	4	4	4	2	4	0	.	.	.	.	.	.	.	.	.	1	1
1006	0	79	25	1	5	5	5	5	5	5	5	5	5	5	5	5	5	5	5	5	5	5	0	.	.	.	.	.	.	.	.	.	1	1
1007	1	62	.	0	4	4	4	4	4	4	4	4	4	3	4	3	4	3	4	4	4	4	0	.	.	.	.	.	.	.	.	.	1	1
1008	0	46	120	1	5	5	4	4	4	3	3	3	3	4	5	4	4	4	4	4	4	4	1	4	4	4	4	4	4	4	4	4	4	4
1010	1	62	150	1	5	5	4	4	4	4	3	3	3	4	4	4	4	4	4	3	3	3	0	.	.	.	.	.	.	.	.	.	1	1
1011	0	48	120	1	5	5	.	.	.	.	.	.	.	4	4	3	2	2	3	3	3	3	0	3	3	3	3	3	4	4	4	4	1	1
1012	0	70	15	1	4	4	3	3	3	3	4	4	4	4	4	4	3	3	3	4	3	4	0	.	.	.	.	.	.	.	.	.	1	1
1013	0	55	80	1	5	5	4	3	4	4	1	3	3	5	5	4	3	3	4	3	3	4	0	3	3	3	3	3	3	3	3	3	1	1
1015	1	69	.	1	5	5	4	4	4	4	4	4	4	5	5	4	4	4	4	4	4	4	0	.	.	.	.	.	.	.	.	.	1	1
1018	1	54	250	1	4	4	4	4	4	4	3	3	3	4	4	4	3	3	3	4	4	4	0	.	.	.	.	.	.	.	.	.	1	1
1020	0	55	200	0	5	5	3	3	3	3	3	3	3	4	4	4	3	3	4	3	4	4	0	.	.	.	.	.	.	.	.	.	1	1
1022	1	39	120	0	4	4	3	4	3	4	3	3	3	4	4	3	4	4	3	3	3	3	1	2	2	2	2	2	2	2	4	3	3	3
1023	1	79	160	0	4	4	3	2	3	3	3	3	3	5	5	3	4	3	3	3	2	3	1	4	2	4	4	4	4	4	4	4	4	4
1024	1	64	.	0	4	4	3	3	3	4	4	4	4	4	4	4	4	4	4	4	4	4	1	4	4	4	4	4	4	4	4	4	4	4
1026	1	57	180	1	4	4	3	4	4	3	3	3	3	4	4	4	3	4	4	3	3	3	0	3	3	3	3	3	4	3	4	4	1	1
1031	0	58	90	0	4	4	3	3	3	3	3	3	3	4	4	4	3	3	3	3	3	3	0	.	.	.	.	.	.	.	.	.	1	1
1033	0	78	10	1	5	5	4	.	4	.	.	.	.	5	4	3	3	3	3	.	.	.	0	3	3	3	3	4	3	3	3	3	1	1
1035	1	27	150	1	1	2	3	1	1	1	2	2	3	2	3	1	2	1	1	1	1	3	1	2	1	1	3	4	2	2	4	2	3	3
1038	0	55	100	1	4	5	4	3	4	4	4	4	4	5	5	4	4	4	4	.	.	.	0	4	4	4	4	4	4	4	4	3	1	1
1040	0	75	30	1	5	5	4	4	4	4	.	.	.	5	5	.	.	.	.	4	4	4	0	.	.	.	.	.	.	.	.	.	1	1
1041	1	52	20	1	4	4	4	3	3	3	3	3	3	4	4	3	3	3	3	3	3	3	0	.	.	.	.	.	.	.	.	.	1	1
1042	1	77	250	1	4	4	4	4	4	4	4	4	4	4	4	4	3	4	3	4	4	4	1	4	3	3	4	4	4	4	3	3	4	4
1043	0	61	140	1	4	4	4	3	3	4	.	4	5	5	5	3	4	4	4	4	5	5	0	.	.	.	.	.	.	.	.	.	1	1
1045	0	46	130	1	3	4	4	5	5	4	3	4	4	4	4	3	3	4	3	3	4	4	1	4	2	3	4	4	4	4	4	4	4	4
1046	1	20	.	1	4	4	3	2	3	2	.	.	.	2	4	3	3	3	3	4	4	4	1	4	3	4	4	4	4	4	4	4	4	4
1047	1	38	65	1	5	5	5	3	3	5	3	3	3	4	5	4	3	3	3	3	3	4	0	.	.	.	.	.	.	.	.	.	1	1
1048	1	45	70	1	3	4	4	4	4	2	3	4	4	2	4	4	3	4	3	3	3	4	1	4	2	2	3	4	3	4	4	3	3	4
1049	0	42	60	1	5	3	4	5	4	3	4	3	3	2	5	4	4	4	3	4	3	4	1	4	2	3	3	4	4	4	4	4	3	4
1051	0	74	25	0	4	3	2	2	3	2	4	4	4	4	4	2	2	3	3	3	3	3	.	4	2	2	4	1	1	1	1	5	.	.
1052	1	87	15	1	4	4	4	2	3	2	4	4	3	4	4	3	1	2	3	4	3	3	0	.	.	.	.	.	.	.	.	.	1	1
1053	0	21	100	1	4	4	.	.	.	.	.	.	.	1	3	1	2	2	2	2	2	3	1	1	2	1	3	4	1	1	4	1	3	3
1054	0	43	.	1	5	5	4	4	4	4	3	3	3	4	5	4	3	3	3	2	1	1	1	4	2	3	2	4	1	2	1	1	3	3
1055	1	68	.	1	4	4	4	4	4	4	4	4	4	4	4	4	4	4	3	4	4	4	0	5	5	5	5	5	5	5	5	5	1	1
1058	1	59	75	1	5	5	4	4	4	4	2	2	3	3	5	4	4	3	4	4	3	4	1	3	4	3	3	4	3	3	4	3	3	3
1062	1	66	.	1	.	.	5	4	4	4	5	5	5	5	5	4	4	3	5	4	5	5	0	5	5	5	5	5	5	5	5	5	1	1
1063	0	66	40	1	4	4	2	2	2	2	3	3	3	3	5	4	4	4	2	3	2	3	0	2	2	2	3	2	3	3	4	2	1	1
1064	1	49	35	0	5	5	3	2	3	3	4	4	4	4	5	3	4	4	4	3	3	3	0	.	.	.	.	.	.	.	.	.	1	1
1065	0	66	5	0	5	5	4	4	4	2	4	4	4	5	5	2	2	2	2	4	4	4	0	.	.	.	.	.	.	.	.	.	1	1
1066	0	36	95	1	4	4	4	4	4	2	5	4	5	4	5	4	4	3	3	5	3	4	1	3	3	3	3	3	5	5	4	4	3	2
1069	0	54	120	1	5	5	3	3	3	4	3	3	3	5	5	4	3	3	4	4	4	5	0	.	.	.	.	.	.	.	.	.	1	1
1071	0	54	.	1	5	5	4	3	3	4	4	4	4	5	5	4	3	3	3	3	3	4	1	3	1	2	5	5	5	5	5	5	2	2
1072	0	50	40	0	5	5	3	3	3	5	3	4	4	4	4	3	2	3	4	4	4	4	0	.	.	.	.	.	.	.	.	.	1	1
1073	1	85	35	0	4	4	4	4	4	4	4	4	5	4	4	4	4	4	4	4	4	4	0	4	3	4	4	4	4	4	4	4	1	1
1074	1	43	45	1	4	4	3	4	3	3	3	3	3	2	4	4	2	3	3	3	3	4	0	.	.	.	.	.	.	.	.	.	1	1
1075	1	46	90	1	4	4	1	1	1	3	3	4	3	4	5	2	2	2	2	3	4	4	1	2	2	2	2	3	3	3	4	3	3	3
1076	0	57	60	0	5	5	4	3	3	4	4	4	4	4	4	4	4	4	4	4	4	4	.	4	4	4	4	4	4	4	4	4	.	.
1081	1	73	.	0	5	5	2	2	4	4	3	2	3	4	4	4	4	4	4	4	4	4	0	.	.	.	.	.	4	4	4	4	1	1
1082	0	28	35	0	4	4	4	3	3	3	3	3	3	3	4	3	3	3	3	3	3	3	0	.	.	.	.	.	.	.	.	.	1	1
1085	1	61	20	1	4	4	4	4	4	4	4	3	4	4	4	4	4	4	3	4	4	4	0	.	.	.	.	.	.	.	.	.	1	1
1086	1	68	10	0	4	4	3	2	3	3	3	2	2	5	5	3	4	4	4	4	3	3	0	3	3	3	3	3	3	3	3	3	1	1
1087	0	39	100	1	4	4	3	4	3	4	3	3	3	4	4	3	4	4	4	3	4	4	0	.	.	.	.	.	.	.	.	.	1	1
1088	0	60	40	1	5	5	4	4	4	4	4	4	4	3	4	4	4	4	4	4	4	4	1	4	4	4	3	3	4	4	4	4	3	4
1091	1	72	10	1	4	4	3	2	4	4	1	1	1	2	4	3	2	2	2	2	2	2	1	2	2	2	2	2	2	1	1	2	3	3
1092	1	51	150	0	4	4	.	2	3	4	3	3	3	4	5	4	3	3	3	3	3	3	1	3	3	3	4	4	5	5	5	5	3	2
1093	0	74	25	1	5	5	4	3	3	4	3	3	3	4	5	3	3	3	3	3	3	3	0	.	.	.	.	.	5	5	5	5	1	1
1095	0	37	130	1	4	4	4	4	4	2	3	3	3	4	4	4	3	3	3	3	3	3	0	4	3	3	4	4	2	3	4	3	1	1
1096	0	62	40	1	4	4	4	4	4	4	.	.	.	4	4	4	4	4	4	3	3	3	0	.	.	.	.	.	.	.	.	.	1	1
1097	0	44	70	1	3	3	3	2	2	2	3	3	3	4	4	3	2	2	2	3	3	3	1	2	2	2	1	1	2	2	2	2	3	3
1099	0	.	140	1	4	4	4	2	2	4	2	2	2	4	5	4	2	4	3	4	4	4	0	4	3	4	4	4	4	4	4	3	1	1
1102	1	58	100	1	4	4	3	4	4	4	4	4	4	4	4	3	3	3	3	3	3	4	1	3	3	3	3	4	4	4	4	4	3	4
1104	1	47	.	1	4	4	3	2	3	3	3	3	3	4	4	3	2	3	3	4	2	2	0	.	.	.	.	.	.	.	.	.	1	1
1107	0	50	20	1	5	5	4	3	4	4	3	3	3	4	4	4	3	4	4	4	4	4	1	3	3	4	4	4	4	4	4	4	4	4
1108	0	19	120	0	4	4	4	4	4	4	3	3	3	4	4	3	3	3	3	4	4	4	0	.	.	.	.	.	3	3	3	3	1	1
1110	1	37	80	1	5	4	3	4	3	2	4	4	4	4	4	3	2	2	2	4	4	4	1	1	1	2	2	2	2	2	4	2	3	3
1111	0	43	70	1	5	5	3	3	3	2	4	3	2	5	5	4	3	4	3	3	2	2	1	3	1	1	3	3	5	5	5	5	3	2
1117	0	34	120	1	3	4	3	3	3	3	3	3	3	4	4	3	3	3	3	3	3	3	0	.	.	.	.	.	.	.	.	.	1	1
1118	0	54	110	0	5	5	4	4	4	4	4	3	4	4	4	.	3	4	4	4	3	4	1	5	3	3	5	5	5	5	5	5	2	2
1119	0	68	25	0	5	5	4	4	4	4	4	4	4	4	4	4	4	4	3	4	3	4	0	.	.	.	.	.	.	.	.	.	1	1
1123	1	57	100	1	2	4	3	4	4	4	.	.	4	4	5	4	4	4	4	.	4	4	0	.	.	.	.	.	.	.	.	.	1	1
1124	1	76	20	0	5	5	4	4	4	4	4	4	4	4	4	4	4	4	4	4	4	4	0	.	.	.	.	.	.	.	.	.	1	1
1128	1	41	90	0	5	5	3	3	3	3	3	3	3	5	5	3	4	4	3	3	3	3	0	3	3	3	3	3	4	4	4	4	1	1
1129	1	58	130	0	4	4	3	3	3	3	3	3	3	4	5	4	3	3	3	3	3	3	0	.	.	.	.	.	.	.	.	.	1	1
1130	0	43	150	1	5	5	3	3	3	2	3	3	4	5	5	4	3	3	3	3	4	4	0	.	.	.	.	.	.	.	.	.	1	1
1131	0	73	.	0	4	4	4	4	4	4	3	3	3	4	4	4	3	4	4	.	.	.	0	.	.	.	.	.	.	.	.	.	1	1
1134	1	85	35	0	5	5	.	.	.	.	4	4	4	5	5	1	1	1	1	3	3	3	0	.	.	.	.	.	.	.	.	.	1	1
1135	0	64	60	1	5	5	5	5	5	5	4	5	5	5	5	5	5	5	5	4	5	5	0	5	2	4	4	4	4	4	4	3	1	1
1137	1	38	90	0	5	5	4	4	5	5	3	3	4	5	5	5	5	5	4	3	4	4	0	.	.	.	.	.	.	.	.	.	1	1
1138	1	58	50	1	5	5	4	4	4	4	4	3	3	4	4	4	4	4	3	4	4	4	0	.	.	.	.	.	.	.	.	.	1	1
1139	0	39	85	1	5	5	4	4	4	4	3	3	4	4	4	4	3	4	4	3	3	3	1	4	3	3	4	4	4	3	3	3	4	3
1140	0	46	90	1	4	4	4	3	3	2	4	4	4	3	4	4	3	3	3	4	4	4	1	4	2	3	3	4	3	4	4	4	3	4
1142	0	76	15	1	4	4	4	4	4	4	4	4	4	4	4	.	.	.	.	4	4	4	.	.	.	.	.	.	4	4	4	3	.	.
1144	1	60	130	1	3	3	3	3	4	2	4	3	4	4	4	2	4	3	3	3	3	3	0	4	3	4	4	4	2	2	3	3	1	1
1145	0	34	50	0	3	3	4	3	3	3	3	3	3	3	4	3	3	3	3	3	2	3	0	3	3	3	3	3	3	3	3	3	1	1
1147	0	47	25	1	4	4	3	3	3	3	2	2	2	4	4	3	3	3	4	3	3	3	0	.	.	.	.	.	.	.	.	.	1	1
1150	1	78	110	1	5	5	.	.	.	.	.	.	.	4	4	4	3	3	3	4	4	4	0	4	3	4	4	4	4	4	4	4	1	1
1151	0	28	130	1	5	5	.	.	.	.	.	.	.	4	4	3	2	2	2	3	3	3	0	3	3	3	3	3	3	3	4	3	1	1
1152	0	64	70	1	3	4	3	3	3	3	3	3	3	4	4	2	3	2	2	4	3	4	0	3	3	3	2	2	4	3	3	3	1	1
1153	0	48	70	1	4	4	3	3	5	4	3	3	3	5	5	4	4	4	4	4	3	4	0	4	3	4	4	4	4	4	3	4	1	1
1154	1	47	15	0	5	5	4	4	4	5	4	3	4	5	5	4	5	5	5	3	5	5	0	5	5	5	5	5	5	5	5	5	1	1
1155	0	72	.	1	5	5	.	.	.	.	.	.	.	4	4	4	3	3	4	3	3	4	0	.	.	.	.	.	.	.	.	.	1	1
1158	0	32	130	1	5	5	4	3	4	4	4	3	3	4	5	2	4	3	3	3	4	4	1	3	3	3	3	3	4	4	4	4	3	4
1160	0	78	.	1	4	4	4	3	3	4	3	3	3	4	4	3	4	4	4	3	3	3	0	3	3	3	3	3	3	4	4	3	1	1
1161	0	66	60	1	4	4	3	3	3	3	3	3	3	4	4	3	4	4	4	3	3	3	0	.	.	.	.	.	.	.	.	.	1	1
1164	1	49	30	1	4	5	4	2	2	3	3	4	4	4	4	4	4	4	3	4	3	5	1	4	1	2	5	5	4	4	4	5	2	4
1165	0	46	30	1	4	4	3	.	.	.	.	.	.	4	4	2	2	3	2	3	3	3	1	.	.	.	.	.	3	3	3	3	.	3
1166	0	46	100	1	5	5	3	2	2	3	3	3	3	4	4	4	3	3	3	3	3	3	1	4	2	4	4	4	4	4	3	4	4	4
1167	0	64	75	1	5	5	4	4	4	4	4	4	4	4	4	3	4	3	3	4	4	4	0	3	3	3	3	4	4	4	4	4	1	1
1169	1	70	110	1	5	5	4	4	4	3	.	4	4	5	5	3	4	4	4	4	3	4	0	.	.	.	.	.	.	.	.	.	1	1
1170	1	57	25	0	4	4	3	4	4	3	3	3	3	4	4	3	4	4	4	3	4	4	0	4	3	4	4	4	4	4	4	4	1	1
1173	0	45	75	1	5	5	4	3	4	4	4	4	4	5	5	4	3	3	3	4	4	4	1	5	3	3	3	3	5	5	5	5	3	2
1174	1	55	140	1	5	5	4	4	4	4	3	3	3	5	5	4	4	4	3	3	3	3	0	.	.	.	.	.	.	.	.	.	1	1
1175	1	60	55	0	4	4	4	4	4	4	2	3	2	4	2	2	2	2	4	2	2	2	1	2	2	2	4	4	2	2	4	4	3	3
1176	0	85	55	0	5	5	4	3	4	3	3	3	3	4	4	3	2	3	4	3	3	4	1	3	3	3	3	3	5	5	5	5	3	2
1185	0	72	20	0	3	4	3	3	3	3	3	3	3	4	4	3	3	2	4	.	.	.	1	2	2	2	2	2	4	4	4	4	3	4
1186	1	55	90	1	4	4	4	3	4	4	4	4	4	4	4	4	3	4	4	4	4	4	1	3	3	3	4	5	5	5	5	5	3	2
1188	0	49	160	0	4	5	4	2	3	4	3	3	3	5	5	4	4	4	4	3	3	4	1	4	3	3	2	3	2	3	3	3	3	3
1189	0	70	70	0	3	4	3	3	2	2	2	2	2	3	3	1	1	1	1	3	3	3	1	1	1	1	1	1	1	1	1	1	3	3
1191	0	33	80	1	5	5	4	4	3	5	3	3	3	5	5	4	4	4	4	3	3	4	.	5	4	4	4	4	4	3	4	3	.	.
1192	0	52	170	1	4	4	3	4	4	4	4	4	4	4	4	3	3	4	3	4	4	4	1	4	2	4	4	4	4	4	3	3	4	4
1193	0	55	10	0	3	4	4	2	3	3	3	3	3	4	4	3	3	4	3	3	3	3	0	4	3	3	3	3	3	3	3	3	1	1
1196	0	20	10	0	4	4	3	3	3	3	3	3	3	4	4	3	4	4	3	3	3	3	1	4	3	4	4	4	4	4	4	4	4	4
1198	0	40	150	0	5	5	4	3	4	4	4	4	4	4	4	4	3	3	4	4	4	4	0	.	.	.	.	.	.	.	.	.	1	1
1199	0	32	120	1	5	5	4	4	4	4	3	3	3	4	4	4	4	4	4	3	2	3	1	3	3	3	3	3	2	3	2	3	3	3
1201	1	81	10	0	4	4	4	4	4	5	3	3	3	4	4	4	4	4	4	3	3	3	0	4	4	4	4	4	4	4	4	4	1	1
1202	0	85	.	1	5	5	.	.	.	.	.	.	.	5	5	4	4	4	4	4	4	4	0	5	3	4	4	4	4	4	4	4	1	1
1203	1	22	5	1	5	5	3	3	2	2	4	4	3	4	4	2	2	3	3	4	4	4	0	.	.	.	.	.	.	.	.	.	1	1
1204	1	67	.	1	4	4	4	5	5	5	4	4	4	4	4	4	4	4	4	4	3	4	0	4	3	4	4	4	4	4	4	4	1	1
1205	0	48	25	1	4	4	3	4	3	4	4	2	2	3	4	3	4	3	3	2	2	3	1	4	2	3	3	4	2	3	4	2	3	3
1207	0	62	22	1	4	4	2	2	2	4	3	3	3	.	.	4	1	1	1	4	4	4	0	5	3	4	4	4	5	5	5	5	1	1
1210	0	46	10	0	3	3	3	2	2	3	3	3	3	3	5	3	1	1	5	1	1	1	0	1	1	1	1	1	1	3	3	3	1	1
1212	1	61	30	0	3	3	3	3	3	3	3	3	3	3	3	4	3	3	3	3	4	4	0	.	.	.	.	.	.	.	.	.	1	1
1213	1	40	100	1	4	5	4	3	2	2	3	3	4	5	4	4	4	4	4	2	1	3	1	2	2	2	4	3	2	4	2	2	3	3
1214	.	.	.	.	4	4	4	3	3	4	3	3	3	4	4	4	3	3	4	.	.	.	0	.	.	.	.	.	.	.	.	.	1	1
1216	0	58	.	1	4	4	3	3	3	2	4	3	3	4	4	3	3	3	3	3	3	3	0	.	.	.	.	.	.	.	.	.	1	1
1217	1	60	30	1	4	4	4	3	3	4	4	3	4	4	4	3	4	3	3	3	3	3	1	3	2	2	4	4	3	5	5	5	3	2
1218	1	80	25	1	5	5	3	3	3	2	3	3	3	4	5	2	2	3	3	.	.	.	0	.	.	.	.	.	.	.	.	.	1	1
1219	0	62	55	0	4	4	3	2	4	3	3	4	4	4	5	2	4	2	3	.	.	.	0	.	.	.	.	.	.	.	.	.	1	1
1220	0	51	40	0	4	4	5	4	4	5	4	4	4	5	5	4	3	3	5	5	5	5	1	5	2	2	4	4	5	5	5	5	4	2
1221	1	.	30	0	5	5	4	2	2	3	3	1	2	4	5	4	4	4	4	3	3	3	1	5	5	5	.	.	5	.	5	.	2	2
1222	1	47	70	0	.	.	4	4	4	5	5	5	5	5	5	5	5	5	5	5	5	5	0	.	.	.	.	.	.	.	.	.	1	1
1224	1	84	40	1	4	4	4	3	3	3	3	3	4	4	5	4	3	3	4	3	3	4	1	4	3	3	3	3	3	3	4	3	3	3
1226	1	67	70	1	.	.	4	4	4	4	3	3	2	4	4	3	4	4	2	3	3	2	1	4	2	3	2	2	1	2	2	2	3	3
1227	0	60	85	0	4	4	3	3	3	3	.	.	.	3	4	3	3	3	3	3	3	3	0	3	3	3	3	3	4	4	4	4	1	1
1228	1	52	80	1	4	4	3	3	3	3	3	3	3	4	4	3	3	3	3	3	3	3	.	4	3	3	3	3	3	3	3	3	.	.
1229	0	75	85	1	4	4	4	2	3	4	3	3	3	4	4	4	4	4	4	3	3	3	0	3	3	3	3	3	3	3	3	3	1	1
1231	1	47	150	1	3	4	2	2	1	1	2	2	2	3	4	2	2	2	2	2	2	2	0	.	.	.	.	.	.	.	.	.	1	1
1232	1	54	80	1	4	4	4	3	3	3	.	.	.	4	4	4	4	4	3	4	4	4	0	.	.	.	.	.	.	.	.	.	1	1
1233	0	51	140	1	4	4	3	3	3	3	1	1	1	4	4	.	.	.	.	1	1	1	1	3	3	3	3	3	1	1	1	3	3	3
1234	1	48	150	1	5	5	5	4	4	4	4	4	5	5	5	4	3	4	3	4	4	4	1	4	3	4	4	4	4	4	4	4	4	4
1236	1	50	250	1	5	5	4	3	4	4	3	2	3	4	4	4	3	3	3	3	4	4	0	4	3	3	4	4	4	4	4	4	1	1
1238	1	49	70	0	4	4	4	4	3	4	3	3	3	4	4	3	2	3	2	3	3	3	1	3	2	2	3	4	3	3	4	2	3	3
1239	0	50	90	1	4	4	2	4	4	3	4	4	4	4	5	3	2	2	4	4	4	4	0	.	.	.	.	.	.	.	.	.	1	1
1241	0	50	75	1	4	4	4	3	4	4	3	3	3	4	5	4	.	4	4	3	3	3	0	.	.	.	.	.	.	.	.	.	1	1
1243	1	28	55	1	3	4	3	3	3	2	2	3	3	3	3	3	3	3	3	3	3	3	1	4	4	4	4	4	3	3	3	3	4	3
1245	0	78	15	1	4	5	5	5	5	4	4	3	4	4	4	4	4	4	4	.	.	.	0	.	.	.	.	.	.	.	.	.	1	1
1246	1	39	110	0	3	4	3	4	3	2	3	4	4	3	4	3	3	3	3	4	3	3	1	3	4	4	4	4	4	4	4	3	4	4
1248	0	67	60	1	4	5	4	4	5	4	3	3	3	4	5	4	4	4	4	4	4	4	0	.	.	.	.	.	.	.	.	.	1	1
1249	0	38	110	1	4	4	3	2	2	2	3	3	3	4	4	3	2	2	2	3	3	3	0	4	3	3	3	3	3	3	3	3	1	1
1251	0	38	225	1	4	4	4	3	4	4	3	3	3	4	4	4	4	4	4	3	3	4	0	4	2	3	4	3	4	4	4	4	1	1
1253	0	55	65	0	3	4	3	3	3	3	3	3	3	5	5	4	4	4	4	4	4	4	0	.	.	.	.	.	.	.	.	.	1	1
1255	0	51	.	1	5	5	4	4	4	3	3	2	.	4	5	4	3	3	3	3	3	3	0	2	2	2	2	5	4	4	4	4	1	1
1257	0	52	85	0	3	3	4	3	3	3	3	4	3	4	4	4	3	3	4	3	4	4	0	3	2	2	3	3	4	3	3	3	1	1
1259	1	49	120	0	5	5	4	3	4	3	4	4	4	4	5	4	3	3	3	4	3	4	0	.	.	.	.	.	4	4	4	4	1	1
1261	1	42	85	1	4	4	3	3	3	4	3	3	3	5	5	3	3	2	3	3	2	3	1	3	3	3	3	3	3	3	3	3	3	3
1262	1	35	55	1	4	4	3	3	4	3	3	2	2	4	4	3	3	4	3	2	2	3	1	4	4	4	3	4	4	4	4	4	4	4
1263	0	44	110	1	3	3	3	3	3	3	3	3	3	4	4	3	3	3	3	3	3	3	0	3	2	3	4	4	4	4	4	4	1	1
1265	0	54	110	1	3	4	3	3	3	3	3	3	3	3	5	3	2	2	3	2	1	1	1	2	3	2	3	4	4	4	4	4	3	4
1266	1	67	75	0	4	4	4	4	4	3	4	3	3	2	5	3	4	4	3	4	3	3	1	2	3	2	3	3	2	2	3	2	3	3
1267	0	76	30	1	4	4	4	4	4	4	3	3	4	3	4	4	3	4	4	4	4	4	1	4	2	4	4	4	4	4	3	4	4	4
1269	1	51	180	0	4	4	4	3	4	4	4	4	4	5	5	4	4	4	4	4	4	4	0	4	3	4	4	4	4	4	4	4	1	1
1270	0	59	100	0	4	4	3	3	3	3	3	3	3	4	4	3	3	3	3	.	.	.	.	.	.	.	.	.	.	.	.	.	.	.
1271	1	65	20	0	4	4	3	3	3	2	1	1	3	3	4	3	2	2	2	3	3	3	1	4	3	4	4	4	3	4	4	3	4	4
1275	1	48	90	1	3	4	2	2	2	2	3	1	1	2	4	3	3	2	2	2	1	1	1	3	3	3	3	3	3	3	3	3	3	3
1276	0	22	5	1	5	4	3	3	3	4	3	4	3	4	5	3	4	4	4	.	.	.	1	4	4	4	4	4	4	4	4	4	4	4
1277	1	43	40	0	5	5	4	5	5	4	3	3	3	4	4	4	4	4	4	3	3	4	1	4	2	4	3	4	4	4	4	4	4	4
1278	1	57	45	1	4	4	.	.	.	.	.	.	.	5	5	4	4	4	4	4	3	3	0	.	.	.	.	.	.	.	.	.	1	1
1281	1	68	25	1	4	4	4	4	4	4	4	4	4	4	4	4	4	2	4	4	3	4	0	.	.	.	.	.	.	.	.	.	1	1
1287	0	77	45	1	4	3	2	4	4	2	4	3	3	4	4	.	4	4	4	4	4	4	0	.	.	.	.	.	.	.	.	.	1	1
1288	1	78	20	0	5	4	4	4	3	4	4	.	5	4	4	4	4	4	4	4	5	4	.	.	.	.	.	.	.	.	.	.	.	.
1290	0	62	75	1	4	4	3	3	3	3	3	3	3	4	5	3	3	3	3	4	3	4	0	.	.	.	.	.	.	.	.	.	1	1
1291	0	.	20	1	4	4	4	4	4	4	5	4	4	4	4	3	4	4	4	4	4	4	1	4	4	4	4	4	4	4	4	2	4	4
1292	0	60	15	0	4	4	4	4	4	4	3	3	3	4	4	4	4	4	4	4	4	4	0	4	3	4	4	4	4	4	4	3	1	1
1293	0	63	35	0	5	5	4	4	4	4	4	4	4	4	5	4	4	4	4	4	4	4	0	.	.	.	.	.	.	.	.	.	1	1
1294	1	48	200	1	4	4	4	3	4	3	3	3	4	5	5	4	4	4	3	3	3	4	1	3	2	2	4	4	5	5	5	5	3	2
1298	0	.	.	1	5	5	.	.	.	.	.	.	.	5	5	4	4	4	4	4	4	4	0	.	.	.	.	.	.	.	.	.	1	1
1299	1	68	.	1	4	4	4	4	4	4	4	4	4	4	4	4	4	4	4	4	4	4	0	4	3	4	4	4	4	4	4	4	1	1
1301	1	65	20	1	4	4	2	3	3	3	4	4	4	4	4	3	3	4	2	4	4	4	0	.	.	.	.	.	.	.	.	.	1	1
1302	1	60	90	0	4	5	2	2	2	2	3	3	3	4	4	2	2	3	2	3	3	3	1	2	2	2	4	4	3	3	4	4	3	4
1306	1	67	25	1	5	4	4	4	4	5	3	3	3	3	4	3	3	2	4	4	4	4	0	4	2	4	4	4	2	3	3	1	1	1
1307	0	71	.	1	3	4	3	2	2	4	3	3	3	5	5	.	.	.	.	3	3	3	0	.	.	.	.	.	.	.	.	.	1	1
1310	0	58	.	1	5	5	4	2	4	4	3	4	4	5	5	4	3	4	5	3	3	3	0	.	.	.	.	.	.	.	.	.	1	1
1312	1	43	140	1	5	5	4	3	3	4	3	4	4	5	5	4	4	4	4	4	4	4	1	4	4	4	4	4	4	4	3	4	4	4
1313	0	61	80	0	4	5	4	4	4	4	3	3	3	3	5	2	4	4	4	3	3	3	1	4	3	3	4	4	4	4	3	3	4	4
1316	1	54	110	1	4	5	3	4	4	3	3	4	4	4	4	2	3	4	3	4	4	4	0	.	.	.	.	.	.	.	.	.	1	1
1317	0	53	30	1	4	4	3	3	3	3	3	3	3	4	4	3	4	3	3	3	4	4	0	4	4	4	4	4	4	4	4	4	1	1
1318	1	45	70	0	4	4	4	4	4	4	4	2	2	4	4	4	4	4	4	3	3	3	0	3	3	3	3	4	4	4	4	4	1	1
1319	0	57	70	1	5	5	3	3	3	3	3	3	3	4	4	3	3	3	3	3	3	4	0	.	.	.	.	.	.	.	.	.	1	1
1320	0	48	80	1	5	5	2	2	2	4	3	3	2	4	4	3	3	2	2	3	3	3	0	3	2	3	4	4	5	5	5	5	1	1
1322	0	45	85	1	5	5	4	4	4	4	3	4	4	4	5	4	4	4	4	4	3	4	0	.	.	.	.	.	.	.	.	.	1	1
1323	0	48	50	1	4	4	4	3	3	4	3	3	3	4	5	4	3	3	3	3	3	3	0	3	4	4	3	4	4	3	3	3	1	1
1324	0	44	75	0	5	5	4	4	5	4	4	4	4	5	5	3	4	4	4	4	4	3	1	5	4	5	5	5	5	5	4	5	2	2
1325	0	83	.	1	4	4	2	2	3	4	4	4	4	2	4	3	3	4	4	4	4	4	0	4	2	4	3	4	3	3	3	3	1	1
1327	1	55	60	1	4	4	4	3	3	4	3	4	4	4	4	4	4	4	4	3	4	4	1	4	3	4	4	4	4	4	4	4	4	4
1329	1	47	70	1	5	5	4	4	4	4	4	3	4	5	5	4	4	4	4	3	3	3	1	3	3	3	4	4	5	5	5	5	3	2
1330	0	65	120	0	4	4	3	2	2	3	4	3	3	4	4	3	2	2	3	3	3	4	1	2	1	2	3	2	4	4	3	4	3	4
1331	1	62	50	0	3	4	3	4	4	4	4	3	4	4	4	3	3	4	3	4	3	3	0	.	.	.	.	.	.	.	.	.	1	1
1332	0	60	120	1	5	5	4	4	4	4	5	5	5	5	5	4	4	4	4	4	4	4	0	.	.	.	.	.	.	.	.	.	1	1
1333	1	43	120	1	4	4	3	3	3	3	3	3	3	4	5	3	3	3	3	3	3	3	1	4	4	4	4	4	4	4	3	4	4	4
1334	0	52	40	1	5	5	4	4	4	5	4	4	4	5	4	4	4	4	4	4	3	4	1	3	3	3	3	4	4	4	4	4	3	4
1337	0	54	90	0	4	4	3	3	3	3	4	4	4	4	4	3	2	2	3	4	3	4	0	3	3	3	3	3	3	3	3	3	1	1
1338	0	57	25	1	5	5	4	4	4	4	4	4	4	4	4	4	3	3	3	4	4	4	1	4	4	4	4	4	4	4	4	4	4	4
1340	0	70	30	1	5	5	4	5	5	5	3	2	2	.	.	4	3	4	4	3	2	2	0	.	.	.	.	.	.	.	.	.	1	1
1344	1	45	80	1	2	3	3	2	3	3	4	4	4	3	4	3	2	2	3	3	3	4	0	3	3	3	4	4	4	3	3	3	1	1
1345	0	62	60	0	4	4	3	4	4	3	3	2	.	4	4	4	3	3	3	3	4	4	0	3	3	3	3	3	4	4	4	4	1	1
1346	0	27	60	1	4	3	2	2	3	2	3	3	3	5	5	3	4	4	4	4	4	4	1	3	3	3	4	5	5	5	5	5	3	2
1348	0	60	95	1	4	4	4	4	4	3	3	2	2	4	4	4	4	4	3	4	3	3	1	4	4	4	4	4	4	4	4	4	4	4
1349	0	58	.	0	.	.	4	4	4	4	4	4	4	4	4	3	2	4	2	4	4	4	0	4	3	3	3	4	4	4	4	4	1	1
1350	1	63	50	1	4	4	4	4	3	4	4	4	4	4	4	4	3	4	3	4	4	4	0	4	3	3	4	4	4	4	4	4	1	1
1351	1	29	110	0	4	5	2	4	4	3	3	3	3	4	4	4	4	4	4	3	4	4	0	3	3	3	3	3	4	4	4	4	1	1
1353	1	79	20	1	4	4	4	2	2	3	3	3	3	.	.	4	4	4	4	3	2	4	1	4	3	4	4	4	3	4	3	2	4	3
1355	0	65	30	1	5	5	4	4	4	4	3	3	3	4	5	4	4	4	4	4	4	5	.	4	4	4	4	4	5	5	5	5	.	.
1356	0	79	15	1	5	5	4	4	4	4	4	4	4	4	4	4	4	4	4	4	4	4	0	.	.	.	.	.	3	4	4	4	1	1
1357	1	58	35	0	4	4	4	4	4	2	3	3	3	2	4	3	3	4	2	3	3	3	0	4	2	2	4	4	2	2	4	2	1	1
1361	0	72	15	1	5	5	4	3	3	3	4	4	5	4	5	3	3	3	3	5	4	5	0	3	3	3	3	3	.	.	.	.	1	1
1362	0	85	15	0	5	5	5	5	5	5	4	5	5	5	4	5	5	4	4	5	5	4	0	5	5	5	5	5	5	5	5	5	1	1
1363	1	62	50	1	4	4	3	4	4	4	3	4	4	4	4	3	3	3	4	3	3	3	0	3	2	2	4	4	3	3	4	3	1	1
1364	1	62	140	0	1	3	.	.	.	.	.	.	.	3	4	3	3	3	3	.	.	.	.	2	2	2	2	3	3	3	4	3	.	.
1365	1	71	65	1	4	5	4	4	4	4	4	4	4	4	4	4	2	2	3	4	4	4	0	5	4	4	4	4	4	4	4	4	1	1
1366	0	55	130	1	5	4	4	5	5	4	4	3	4	5	5	5	4	4	5	4	5	5	1	5	5	5	5	5	5	5	5	5	2	2
1368	0	54	75	1	4	4	4	3	3	3	3	3	3	4	4	4	4	4	2	3	3	3	1	4	4	4	3	4	4	4	4	3	4	4
1369	1	72	35	1	5	5	3	4	4	3	4	4	4	4	4	3	4	4	4	4	4	4	0	.	.	.	.	.	5	5	5	5	1	1
1370	0	46	90	1	4	5	4	3	4	4	4	4	4	.	.	4	4	4	4	4	4	4	1	4	2	4	4	4	4	4	4	4	4	4
1371	1	51	85	0	5	5	4	3	4	4	3	4	4	4	4	3	5	4	4	4	4	4	1	4	3	4	4	4	4	4	4	3	4	4
1374	1	41	95	1	4	4	3	3	3	3	4	3	3	3	4	3	3	3	3	3	3	3	1	3	3	3	3	3	4	4	4	4	3	4
1375	0	18	.	1	4	4	3	3	3	3	3	3	3	5	5	3	4	3	4	3	4	4	0	.	.	.	.	.	.	.	.	.	1	1
1379	1	18	20	1	4	5	3	2	2	3	3	4	4	4	4	3	4	4	4	2	2	4	.	3	4	3	3	4	4	4	4	4	.	.
1381	1	41	120	1	.	.	4	4	4	4	3	3	3	4	4	4	4	4	4	4	4	4	1	4	3	3	4	4	4	4	4	4	4	4
1382	0	40	130	0	4	4	4	4	4	4	3	4	4	4	4	4	4	4	4	4	4	4	0	4	3	3	4	4	4	4	4	4	1	1
1383	0	57	70	1	4	4	3	3	3	2	3	3	3	4	4	4	4	4	3	3	2	3	0	.	.	.	.	.	.	.	.	.	1	1
1386	.	.	80	1	5	4	4	4	4	4	4	3	4	4	4	4	3	3	4	3	3	4	0	.	.	.	.	.	.	.	.	.	1	1
1388	0	67	75	1	4	4	4	4	4	4	3	3	3	4	4	4	4	4	4	.	.	.	0	.	.	.	.	.	.	.	.	.	1	1
1389	0	41	225	1	4	4	3	3	3	3	4	4	4	4	4	3	3	3	3	3	3	4	0	3	2	2	3	3	4	4	4	4	1	1
1390	0	58	45	0	5	5	3	3	3	3	3	2	3	4	4	3	4	4	4	4	3	3	0	.	.	.	.	.	.	.	.	.	1	1
1391	0	74	20	1	4	4	4	4	4	4	4	4	4	4	4	.	.	.	.	4	4	4	0	.	.	.	.	.	.	.	.	.	1	1
1392	0	28	.	1	5	5	3	3	4	4	3	4	4	5	5	2	2	2	2	3	3	4	0	.	.	.	.	.	.	.	.	.	1	1
1394	0	48	80	0	4	4	4	2	2	4	4	4	4	4	4	4	4	4	4	4	3	3	0	4	3	2	4	4	3	4	4	4	1	1
1398	0	47	65	1	4	4	4	4	4	4	3	2	2	4	4	3	3	3	3	3	3	3	1	3	3	3	3	4	4	4	4	4	3	4
1399	1	73	35	1	5	5	4	3	4	4	4	4	4	4	4	4	3	4	4	4	4	4	0	4	2	3	3	4	4	4	4	4	1	1
1400	0	39	55	1	5	4	3	3	3	3	3	3	3	5	5	4	4	4	3	4	4	4	1	4	4	4	4	4	4	4	4	4	4	4
1401	1	84	75	1	4	4	4	4	4	4	4	3	4	4	4	3	3	3	3	4	4	4	1	4	4	4	4	4	4	4	4	4	4	4
1403	0	46	35	1	5	4	4	4	4	4	3	4	4	5	4	4	3	4	5	3	4	4	0	4	3	4	4	4	3	3	4	3	1	1
1404	0	55	120	1	5	5	4	4	4	4	5	5	5	4	5	4	4	4	4	3	3	3	0	.	.	.	.	.	.	.	.	.	1	1
1406	0	68	.	1	3	5	3	4	4	3	2	2	1	5	5	4	3	4	2	4	4	4	1	4	3	4	3	3	3	4	4	3	3	4
1407	0	80	10	1	5	5	4	3	3	3	3	3	3	4	5	4	3	3	3	3	4	4	0	4	3	3	3	4	5	5	4	4	1	1
1408	0	20	160	1	5	5	4	4	4	4	3	3	3	4	5	4	2	2	4	3	4	4	0	.	.	.	.	.	.	.	.	.	1	1
1409	0	43	180	1	3	4	3	3	3	2	3	3	3	4	4	2	2	2	2	3	3	3	1	3	2	3	4	4	2	3	4	2	3	3
1411	1	43	140	1	5	5	5	3	4	4	3	3	4	5	5	4	3	4	4	4	3	4	0	4	3	4	4	4	4	4	4	3	1	1
1412	0	36	95	1	4	3	4	4	4	3	4	3	3	4	4	4	4	4	3	3	2	2	1	4	3	4	4	4	2	3	4	2	4	3
1415	1	47	90	0	5	5	4	3	3	3	3	3	3	4	4	4	3	3	4	4	4	4	1	4	2	3	4	4	3	4	3	3	4	3
1417	0	45	.	1	5	5	4	4	4	3	3	3	3	4	5	4	4	3	4	4	4	4	0	.	.	.	.	.	.	.	.	.	1	1
1419	0	82	.	1	5	5	5	5	4	4	4	4	4	4	5	4	3	4	3	4	4	5	0	.	.	.	.	.	.	.	.	.	1	1
1420	0	55	60	1	4	5	3	3	3	3	4	4	4	4	4	3	3	4	3	4	3	4	0	.	.	.	.	.	.	.	.	.	1	1
1421	0	50	100	0	4	4	3	4	4	4	4	4	4	3	4	4	4	4	4	4	3	4	0	4	3	4	4	4	4	4	4	4	1	1
1422	0	72	.	0	4	4	.	.	.	.	.	.	.	.	.	4	4	4	4	4	4	4	0	.	.	.	.	.	.	.	.	.	1	1
1423	0	76	25	1	5	5	4	4	4	4	3	3	3	4	4	4	4	4	4	4	3	3	0	.	.	.	.	.	.	.	.	.	1	1
1426	0	29	100	1	5	5	1	1	1	1	3	3	3	5	5	2	2	2	3	4	4	4	1	3	3	3	3	4	3	3	3	3	3	3
1427	1	19	45	1	3	3	3	3	3	3	4	4	4	4	4	4	3	3	3	3	4	4	0	.	.	.	.	.	.	.	.	.	1	1
1428	0	37	140	1	.	.	2	4	4	2	3	2	2	5	5	4	3	3	4	3	3	3	0	4	3	3	4	4	4	4	4	3	1	1
1429	0	28	180	1	4	4	4	3	3	3	3	3	3	4	4	4	3	3	3	3	3	3	0	.	.	.	.	.	.	.	.	.	1	1
1430	1	59	70	1	.	.	4	4	4	4	4	4	4	4	5	4	4	4	5	4	4	5	0	.	.	.	.	.	4	4	4	4	1	1
1431	0	51	90	0	5	5	.	.	.	.	.	.	.	5	5	4	3	3	3	3	3	3	0	.	.	.	.	.	.	.	.	.	1	1
1432	1	73	.	1	4	4	3	4	3	3	4	4	4	4	4	3	3	3	4	4	4	4	1	4	4	4	4	4	4	4	4	4	4	4
1433	0	.	.	1	5	5	4	4	4	4	4	4	4	3	4	4	4	4	4	4	4	4	0	.	.	.	.	.	.	.	.	.	1	1
1435	0	72	25	0	5	5	3	3	3	3	4	3	4	4	4	.	.	.	.	4	4	4	0	.	.	.	.	.	.	.	.	.	1	1
1438	1	52	15	1	3	4	4	4	4	3	2	2	2	3	4	4	3	3	2	3	3	3	1	4	2	2	4	4	4	4	4	4	4	4
1439	0	33	50	1	4	4	4	4	4	2	.	.	.	3	2	2	2	2	2	3	3	3	1	3	3	2	4	3	3	3	4	4	3	4
1441	0	76	40	1	4	4	4	4	4	4	4	3	4	4	4	4	4	3	3	4	4	4	1	3	3	3	3	3	4	4	4	4	3	4
1442	0	73	22	1	5	5	5	5	5	5	5	5	5	3	5	4	4	4	4	4	3	3	0	.	.	.	.	.	.	.	.	.	1	1
1444	0	57	60	1	5	5	4	4	4	4	4	4	4	4	5	4	4	4	2	4	4	4	0	.	.	.	.	.	.	.	.	.	1	1
1447	1	84	45	1	5	4	3	4	3	4	3	4	4	4	4	3	3	3	3	3	3	4	0	4	2	4	4	4	4	3	3	4	1	1
1449	0	41	60	0	4	5	.	.	.	.	.	.	.	5	5	4	3	3	4	4	4	4	0	.	.	.	.	.	.	.	.	.	1	1
1451	0	62	25	1	5	5	4	4	4	4	.	.	.	5	5	4	4	4	5	5	4	4	0	.	.	.	.	.	.	.	.	.	1	1
1452	1	34	100	1	4	4	4	4	3	4	3	3	3	4	4	4	3	3	4	3	3	3	0	.	.	.	.	.	.	.	.	.	1	1
1454	0	22	25	1	4	5	4	3	3	3	3	4	4	3	5	4	4	4	3	3	4	4	1	3	2	3	3	3	4	4	4	4	3	4
1459	1	44	140	1	4	4	4	4	4	4	4	4	4	4	4	4	4	4	3	4	4	4	0	.	.	.	.	.	.	.	.	.	1	1
1462	0	26	15	1	5	5	4	4	2	3	3	3	4	5	5	4	2	2	4	.	.	.	0	5	3	3	3	5	5	5	5	5	1	1
1466	0	51	60	1	4	4	4	4	4	5	3	4	4	3	3	4	4	4	3	3	3	3	0	3	3	3	3	3	.	.	.	.	1	1
1468	0	45	40	1	4	4	3	3	3	3	3	2	3	4	4	3	3	3	3	4	3	4	0	.	.	.	.	.	.	.	.	.	1	1
1469	0	75	25	1	4	4	4	4	4	4	4	4	4	4	4	4	4	3	3	3	3	4	0	.	.	.	.	.	.	.	.	.	1	1
1471	0	42	30	0	4	4	3	2	2	2	4	4	4	5	5	3	4	4	4	5	5	5	1	5	2	5	5	5	5	5	5	5	2	2
1472	0	61	15	1	4	4	4	4	4	3	4	4	4	4	4	3	3	3	3	4	4	4	0	3	3	3	3	4	5	3	3	3	1	1
1473	1	42	50	1	4	4	4	4	4	4	4	4	4	4	4	4	4	4	4	3	3	3	1	3	3	3	3	4	4	4	4	4	3	4
1476	0	23	100	0	3	3	4	4	4	4	3	3	3	5	5	5	4	4	4	3	3	3	1	5	2	4	3	2	3	4	4	2	3	4
1477	1	82	85	1	4	4	4	4	4	4	3	3	3	3	4	2	3	3	3	4	3	4	0	.	.	.	.	.	.	.	.	.	1	1
1479	1	52	100	1	4	4	2	1	1	1	3	4	4	3	4	2	2	2	1	4	4	4	0	.	.	.	.	.	.	.	.	.	1	1
1481	0	41	35	1	5	4	4	4	4	4	4	4	4	4	5	4	4	4	4	4	4	4	1	4	4	4	4	4	4	4	4	4	4	4
1482	0	34	30	1	5	5	4	4	4	4	4	3	4	5	5	3	3	4	3	4	4	4	1	3	3	3	3	3	3	3	3	3	3	3
1483	0	60	85	1	4	4	3	3	3	3	.	.	.	4	4	3	3	3	3	3	3	3	0	.	.	.	.	.	.	.	.	.	1	1
1486	0	37	180	1	4	4	2	4	4	2	3	2	1	.	.	3	2	2	2	3	3	2	1	3	2	3	3	4	3	3	4	3	3	3
1491	0	54	35	1	4	4	4	4	4	4	3	4	4	5	4	4	4	4	4	4	4	4	1	2	2	3	4	4	2	2	4	2	3	3
1492	0	69	.	0	4	5	5	3	3	4	3	3	3	4	3	4	4	4	4	4	4	4	0	.	.	.	.	.	.	.	.	.	1	1
1493	1	21	20	0	4	4	3	4	4	3	4	4	4	4	5	4	4	5	3	5	4	5	0	.	.	.	.	.	.	.	.	.	1	1
1495	1	63	130	1	4	4	4	.	4	4	4	3	4	4	4	4	4	4	4	4	4	3	1	3	3	3	3	3	3	3	3	3	3	3
1497	1	74	25	0	.	.	4	4	4	4	4	4	4	4	4	4	4	4	4	4	4	4	1	3	3	3	3	3	3	3	3	3	3	3
1499	0	22	250	1	5	5	4	3	3	3	4	4	4	2	5	4	3	3	4	3	3	3	0	.	.	.	.	.	.	.	.	.	1	1
1500	0	43	60	1	5	5	3	3	3	2	.	.	.	4	4	3	3	3	3	3	3	4	0	3	3	3	3	4	4	4	4	4	1	1
1503	0	47	25	0	4	4	3	4	5	5	4	4	4	4	4	3	3	3	3	3	3	4	0	3	3	3	3	3	3	3	3	3	1	1
1504	0	56	95	1	4	4	4	4	4	3	3	3	4	4	4	4	4	4	4	4	4	4	1	4	3	4	4	4	.	.	.	.	4	.
1505	1	36	40	1	4	5	4	4	2	4	4	5	5	4	5	5	2	4	4	4	4	4	0	.	.	.	.	.	.	.	.	.	1	1
1506	0	65	30	0	5	5	4	4	4	3	3	2	2	4	5	4	4	3	3	3	3	4	0	4	4	4	4	4	4	4	4	4	1	1
1507	1	72	30	0	5	5	4	4	4	4	4	4	3	5	5	4	4	4	4	4	4	4	.	3	2	2	4	4	4	4	4	4	.	.
1509	0	62	22	0	4	4	4	4	4	4	4	3	3	4	4	3	4	4	4	3	3	3	0	.	.	.	.	.	.	.	.	.	1	1
1515	1	58	45	1	4	4	4	4	4	4	4	3	4	4	4	3	2	2	2	4	4	4	0	4	2	4	4	4	4	4	4	4	1	1
1518	0	43	90	1	4	5	4	4	3	3	3	2	4	5	5	4	4	5	4	4	4	4	1	.	.	.	.	.	4	4	4	2	.	4
1522	0	71	45	1	4	4	3	4	4	3	3	3	3	4	4	4	4	4	4	4	4	4	0	4	2	4	4	4	4	4	4	4	1	1
1523	0	54	200	1	4	4	4	4	4	4	3	3	3	4	4	4	4	4	4	4	4	4	0	.	.	.	.	.	.	.	.	.	1	1
1524	1	55	150	1	.	.	4	4	4	4	2	1	2	3	4	4	4	4	4	.	.	.	0	.	.	.	.	.	.	.	.	.	1	1
1526	0	38	25	0	4	5	4	4	4	4	5	5	5	4	4	4	3	3	3	3	3	3	1	3	3	3	3	3	3	3	3	3	3	3
1528	1	72	50	0	4	4	3	4	4	3	3	3	3	4	4	3	4	4	4	3	4	4	0	3	3	3	3	2	3	2	3	2	1	1
1530	1	26	30	0	4	4	4	2	2	3	4	4	4	3	4	2	2	2	2	4	3	4	1	.	.	.	.	.	4	3	4	3	.	4
1531	1	53	90	1	5	4	3	3	3	3	4	4	4	5	5	4	4	4	4	4	4	4	0	.	.	.	.	.	.	.	.	.	1	1
1532	1	41	90	1	5	4	3	2	2	2	3	3	4	5	4	3	3	3	3	4	3	4	1	3	2	3	3	4	4	4	4	3	3	4
1533	1	33	10	1	4	4	4	2	2	5	3	3	4	4	4	4	4	4	4	3	3	4	1	3	3	3	3	4	4	4	4	4	3	4
1534	0	64	30	1	5	4	4	4	4	4	4	4	4	4	4	4	3	3	4	4	4	4	0	.	.	.	.	.	.	.	.	.	1	1
1535	0	77	.	1	4	4	4	3	3	4	3	3	4	4	5	4	4	4	4	.	.	5	1	3	3	3	3	3	4	4	4	4	3	4
1536	1	44	30	0	2	4	3	3	3	3	3	3	3	2	4	4	3	3	3	3	3	3	1	3	3	3	3	5	4	4	4	4	3	4
1538	0	56	40	1	4	4	3	3	3	3	4	3	3	4	4	3	3	3	3	3	3	3	0	3	3	3	3	3	3	3	3	3	1	1
1539	1	29	80	1	4	5	4	3	4	2	3	2	3	4	4	3	4	4	3	3	3	4	1	4	3	4	4	4	3	3	4	2	4	3
1544	1	56	85	1	2	3	2	4	4	2	3	3	3	1	5	1	2	3	3	3	3	3	1	3	2	3	4	5	4	4	4	4	3	4
1545	0	58	35	1	5	5	4	4	4	3	4	4	4	5	5	4	4	4	4	4	4	4	0	.	.	.	.	.	.	.	.	.	1	1
1546	0	61	.	0	4	4	4	3	3	3	4	4	4	5	5	4	4	4	4	4	3	3	0	2	1	1	1	1	1	1	1	1	1	1
1547	0	60	110	1	3	4	4	3	4	4	3	3	3	4	4	3	3	3	3	3	3	3	1	4	3	4	4	4	4	3	3	3	4	3
1549	1	48	75	1	5	5	4	3	4	4	4	4	4	5	5	4	3	3	4	4	4	4	1	1	1	1	4	5	5	5	3	4	3	2
1552	0	40	90	1	4	5	4	4	4	4	3	3	3	4	5	4	3	4	4	4	3	5	0	.	.	.	.	.	.	.	.	.	1	1
1554	0	34	100	1	5	5	4	4	4	4	5	4	4	5	5	5	4	4	5	5	5	5	0	.	.	.	.	.	.	.	.	.	1	1
1555	1	62	70	0	4	4	3	3	3	3	3	3	4	4	4	3	3	4	3	3	3	3	0	.	.	.	.	.	.	.	.	.	1	1
1556	0	42	45	1	5	5	2	2	4	3	4	4	4	4	4	4	4	4	4	4	3	4	1	3	2	3	4	5	4	4	4	4	3	4
1557	1	59	130	0	4	4	4	4	4	4	3	3	3	4	4	3	4	4	3	3	3	3	0	.	.	.	.	.	.	.	.	.	1	1
1561	1	51	65	0	4	4	4	4	4	3	2	3	3	3	4	4	3	3	3	3	3	3	0	4	3	3	3	4	4	4	4	4	1	1
1563	1	45	120	1	3	4	4	3	4	4	3	3	4	4	5	4	4	4	3	4	3	4	0	4	4	4	4	4	4	4	4	4	1	1
1565	0	62	25	1	.	.	4	4	4	4	3	3	3	4	4	4	4	4	4	4	4	4	0	4	2	4	4	4	4	4	4	4	1	1
1566	1	79	120	0	4	3	3	2	3	2	3	3	3	4	4	3	2	2	3	3	3	3	0	.	.	.	.	.	.	.	.	.	1	1
1567	1	74	.	0	4	4	4	4	4	3	4	3	4	4	4	4	4	4	3	4	4	4	1	4	3	4	4	4	4	4	4	4	4	4
1568	1	36	75	1	5	5	3	3	3	3	3	3	3	4	4	4	3	4	3	3	3	3	0	4	4	4	3	3	4	4	4	3	1	1
1569	1	63	75	1	5	5	4	4	4	4	4	4	4	5	5	4	5	5	5	4	4	4	1	5	3	4	5	5	3	4	4	4	2	4
1571	0	.	35	1	4	4	4	4	4	4	3	3	3	5	4	3	3	3	4	3	3	3	0	.	.	.	.	.	.	.	.	.	1	1
1572	1	61	30	1	5	5	5	5	5	5	5	4	4	5	5	4	5	5	5	4	4	4	0	4	1	3	4	4	5	5	3	4	1	1
1573	0	34	110	0	5	5	3	3	3	2	.	.	.	5	5	4	4	4	3	3	2	4	0	4	3	4	4	4	4	4	4	4	1	1
1576	0	18	80	1	5	5	3	3	4	4	.	.	.	5	5	3	3	4	4	.	4	3	0	4	3	4	4	4	4	5	5	5	1	1
1577	0	61	80	1	5	5	4	4	4	4	4	4	4	4	5	3	3	4	4	4	3	4	0	.	.	.	.	.	4	4	4	4	1	1
1580	1	74	.	1	4	4	4	4	4	4	4	4	4	4	5	4	4	4	4	4	4	4	0	.	.	.	.	.	4	4	4	.	1	1
1581	1	57	130	1	4	4	3	3	4	4	4	4	4	4	4	3	3	3	3	3	3	3	0	.	.	.	.	.	.	.	.	.	1	1
1582	0	25	180	1	4	5	4	3	4	4	3	3	3	3	4	3	3	3	3	3	3	3	0	.	.	.	.	.	.	.	.	.	1	1
1583	1	44	85	1	4	4	2	3	3	2	2	1	1	4	4	2	3	3	4	2	2	2	1	3	1	3	2	3	3	3	3	3	3	3
1584	0	41	.	1	4	4	3	3	3	2	3	3	3	4	4	3	3	3	3	3	3	3	1	3	3	3	3	4	3	3	4	4	3	4
1585	0	50	90	1	4	4	4	4	4	4	3	3	3	4	4	4	4	4	3	4	3	4	1	4	3	4	4	4	5	4	4	4	4	4
1587	0	69	75	1	4	4	4	4	4	4	4	4	4	4	4	4	3	3	4	4	4	4	0	.	.	.	.	.	.	.	.	.	1	1
1588	1	59	40	0	5	5	4	2	4	2	4	2	4	3	4	2	2	2	1	4	3	3	0	.	.	.	.	.	.	.	.	.	1	1
1589	1	59	65	1	4	4	3	.	4	3	2	3	4	3	4	4	2	2	3	3	3	4	0	.	.	.	.	.	.	.	.	.	1	1
1590	0	27	225	1	5	4	3	4	4	3	3	3	3	4	4	3	4	4	3	.	.	.	0	.	.	.	.	.	.	.	.	.	1	1
1591	0	55	120	0	3	3	3	3	4	3	3	3	3	4	4	3	4	4	3	3	3	4	1	4	3	3	4	3	3	4	4	3	3	4
1595	0	52	40	1	5	5	4	3	3	4	3	3	3	.	.	3	3	3	3	2	2	3	0	.	.	.	.	.	.	.	.	.	1	1
1596	1	39	100	0	4	4	4	3	3	3	3	3	3	4	4	2	2	1	3	3	3	2	1	2	2	2	3	3	2	3	2	.	3	3
1601	0	41	85	1	5	5	4	3	3	2	4	4	4	5	5	4	4	4	4	4	4	4	1	5	5	5	3	5	5	5	5	3	2	2
1602	1	52	90	1	5	5	4	4	4	3	3	3	3	5	5	4	4	4	2	4	4	4	0	.	.	.	.	.	.	.	.	.	1	1
1603	1	28	65	1	4	4	3	4	4	4	1	3	3	4	4	3	4	4	3	3	3	3	0	3	3	3	3	3	4	4	4	4	1	1
1607	1	59	150	0	3	4	3	3	3	3	4	4	4	4	4	4	3	3	3	3	3	4	0	.	.	.	.	.	.	.	.	.	1	1
1608	1	59	45	1	4	4	3	4	4	3	2	2	2	4	4	2	3	3	3	2	1	3	0	2	3	2	2	2	2	2	4	2	1	1
1610	0	37	.	1	5	5	3	3	3	4	4	2	2	5	5	.	.	.	.	1	1	1	1	1	3	3	3	1	1	1	1	1	3	3
1613	1	54	50	1	4	4	.	.	.	.	.	.	.	4	5	.	.	.	.	3	2	3	0	3	3	3	3	3	3	3	2	1	1	1
1615	0	56	55	1	3	4	4	3	4	4	3	3	3	4	5	4	4	3	4	3	3	3	1	4	4	4	5	5	5	5	2	5	2	2
1616	1	66	.	1	4	4	.	4	4	4	3	2	2	4	4	2	4	4	3	3	3	3	1	4	3	4	4	4	2	2	4	2	4	3
1617	0	53	.	1	4	4	2	2	2	2	3	3	2	2	4	3	3	3	4	3	3	3	.	.	.	.	.	.	.	.	.	.	.	.
1618	1	52	.	1	4	4	2	2	2	3	3	2	4	4	4	3	3	3	3	3	3	3	0	.	.	.	.	.	4	4	4	4	1	1
1620	0	51	100	0	4	4	4	2	2	2	3	3	3	5	4	4	4	4	4	4	4	4	1	4	2	2	4	4	4	4	4	4	4	4
1622	1	49	200	1	3	4	3	3	2	3	2	2	3	3	4	3	3	3	3	3	3	3	0	3	3	3	4	4	3	4	4	4	1	1
1624	0	66	75	1	4	5	3	3	3	3	4	4	4	3	5	3	3	3	3	4	4	4	1	4	4	4	4	4	5	5	2	4	4	2
1625	0	55	60	1	5	5	3	1	1	1	3	3	3	5	5	2	2	2	2	3	3	4	1	4	1	5	5	5	4	4	5	.	2	4
1626	0	49	75	1	3	4	4	3	2	3	3	3	4	1	4	3	2	2	3	1	1	3	1	3	1	1	4	4	1	1	5	1	3	3
1629	0	52	90	1	4	4	4	4	4	4	3	4	4	5	5	4	3	3	4	4	4	4	1	4	3	3	4	4	5	5	5	5	4	2
1630	0	37	160	0	5	5	4	4	4	4	4	4	4	4	4	4	4	4	4	4	4	4	0	.	.	.	.	.	.	.	.	.	1	1
1631	1	61	35	0	5	5	4	3	4	4	4	4	4	5	4	3	3	4	4	4	3	3	0	.	.	.	.	.	.	.	.	.	1	1
1633	1	31	130	1	4	4	4	3	3	3	4	4	4	4	4	4	4	4	3	3	4	4	1	.	.	.	.	.	.	.	.	.	.	.
1636	1	39	140	1	5	5	3	4	4	4	4	4	4	5	5	4	4	4	4	4	4	4	0	.	.	.	.	.	.	.	.	.	1	1
1638	1	73	95	0	.	.	3	3	2	3	3	2	3	4	4	4	3	3	3	3	4	4	0	3	3	3	4	4	5	5	5	5	1	1
1642	1	56	130	1	4	4	4	4	4	4	3	2	3	4	4	4	4	3	3	4	3	3	0	.	.	.	.	.	.	.	.	.	1	1
1643	1	64	120	0	3	3	3	3	3	3	3	3	3	4	5	3	2	2	2	4	4	4	0	4	4	4	3	4	4	4	4	3	1	1
1645	0	50	75	1	3	4	3	3	3	3	3	3	3	4	4	3	3	3	3	4	4	3	1	4	3	3	4	4	3	3	3	2	4	3
1647	0	70	15	1	5	4	4	3	4	3	4	4	4	4	4	3	4	4	3	3	3	3	0	.	.	.	.	.	.	.	.	.	1	1
1649	0	60	.	.	4	4	4	2	2	5	1	1	1	5	5	4	4	3	3	1	2	5	.	4	3	4	5	5	4	4	4	4	.	.
1653	1	45	.	1	5	4	3	3	4	3	3	3	3	4	4	4	3	3	3	4	3	4	0	.	.	.	.	.	.	.	.	.	1	1
1654	1	40	65	0	2	3	3	2	2	2	3	2	3	2	4	2	2	2	2	2	2	2	1	2	2	3	4	3	2	2	4	3	3	3
1655	0	51	110	1	5	4	3	3	3	4	3	3	3	5	5	4	3	3	4	3	3	3	0	.	.	.	.	.	.	.	.	.	1	1
1656	0	40	75	1	4	5	3	2	2	2	3	3	4	4	4	2	3	3	2	3	2	3	1	3	3	3	4	4	4	4	4	4	3	4
1657	1	49	65	1	4	5	4	3	2	2	4	4	4	4	4	4	3	3	2	4	3	4	0	4	2	2	4	4	4	4	4	4	1	1
1661	1	35	55	1	4	4	4	4	4	4	4	4	4	5	5	4	4	4	4	4	4	4	1	4	3	4	4	4	4	4	4	4	4	4
1667	0	63	80	1	5	5	3	3	4	3	4	4	4	5	5	4	4	4	4	4	4	5	0	5	3	4	5	5	5	5	5	5	1	1
1668	0	49	40	1	5	5	2	3	3	3	3	3	3	4	3	2	2	2	3	3	3	3	1	1	1	1	1	1	1	1	1	1	3	3
1669	0	60	55	1	5	5	3	4	4	4	3	3	4	5	5	3	4	4	3	3	3	3	0	.	.	.	.	.	.	.	.	.	1	1
1674	1	71	.	1	.	.	4	4	4	4	4	4	4	4	4	4	4	4	4	4	4	4	.	3	3	3	3	3	4	4	4	4	.	.
1677	0	70	.	1	5	5	4	4	4	4	4	4	4	5	5	4	4	4	4	4	4	4	0	.	.	.	.	.	.	.	.	.	1	1
1683	1	50	40	1	5	5	4	3	3	4	3	3	3	4	4	4	4	4	4	4	3	4	0	4	4	3	4	4	4	1	4	4	1	1
1684	0	52	50	1	5	4	4	3	3	4	4	4	4	5	4	4	4	2	4	.	.	.	1	.	.	.	.	.	5	5	5	5	.	2
1688	1	52	80	1	1	4	.	.	.	.	.	.	.	4	4	4	4	4	3	3	3	3	1	3	1	1	5	5	1	4	3	4	2	4
1690	0	41	100	1	4	4	4	3	3	4	3	3	3	4	4	4	4	4	3	3	4	4	0	.	.	.	.	.	.	.	.	.	1	1
1691	1	50	45	1	4	4	4	4	4	4	4	4	4	4	4	4	4	4	3	4	4	4	0	3	3	3	3	4	4	4	4	4	1	1
1693	0	56	.	1	5	5	4	4	3	4	3	3	3	4	4	4	4	4	4	4	4	4	1	3	3	3	3	1	1	1	1	2	3	3
1697	0	42	150	1	5	5	4	4	4	4	3	3	3	4	4	4	4	4	3	3	3	4	0	3	3	3	4	4	4	4	4	4	1	1
1698	1	57	250	1	4	4	3	3	3	3	4	4	4	4	5	3	3	3	3	4	4	4	0	.	.	.	.	.	.	.	.	.	1	1
1699	0	22	85	0	2	4	4	4	4	4	3	3	3	4	5	4	3	3	4	4	4	3	0	.	.	.	.	.	.	.	.	.	1	1
1700	0	45	180	1	5	5	4	4	4	4	4	3	3	4	4	4	4	4	4	4	4	4	1	3	3	3	3	3	4	4	4	4	3	4
1702	0	40	10	0	4	2	4	2	4	2	3	3	4	4	4	.	.	.	.	4	4	4	1	3	3	3	3	3	4	4	4	4	3	4
1703	0	58	70	1	5	5	4	4	5	5	3	3	4	4	5	4	4	4	4	3	3	4	0	5	3	5	5	5	4	4	4	4	1	1
1706	1	74	30	1	5	5	5	4	4	4	4	4	4	4	4	4	4	4	4	4	4	4	1	3	4	4	4	4	3	3	3	3	4	3
1707	0	39	70	0	4	4	4	3	4	2	3	3	3	5	5	4	4	3	3	4	4	4	0	.	.	.	.	.	.	.	.	.	1	1
1710	0	.	120	0	4	4	4	2	3	3	3	3	3	5	4	4	4	4	4	.	.	.	0	4	3	4	4	4	4	4	4	4	1	1
1714	0	51	25	1	5	5	3	4	4	4	3	3	3	.	.	3	3	3	3	3	3	3	0	3	3	3	3	3	3	3	3	3	1	1
1716	1	61	120	0	5	5	3	4	4	4	4	4	4	4	4	3	2	3	3	3	4	4	0	4	2	3	3	4	5	5	5	5	1	1
1718	1	25	70	1	4	4	3	4	3	3	4	3	3	4	4	4	3	4	4	4	4	4	1	4	2	3	4	2	.	.	.	.	3	.
1720	1	40	85	1	4	4	4	4	4	4	4	4	4	5	5	5	4	4	4	5	5	5	0	.	.	.	.	.	.	.	.	.	1	1
1721	0	73	.	1	4	4	4	4	4	4	4	4	4	5	4	.	.	.	.	3	3	3	0	4	4	4	4	4	4	4	4	4	1	1
1724	1	40	50	0	5	5	3	3	3	2	3	2	2	5	5	3	3	3	2	2	2	2	0	4	2	2	2	2	2	2	2	2	1	1
1727	0	49	70	1	4	4	2	4	4	2	4	2	4	4	4	4	4	4	4	4	4	4	0	4	4	4	4	4	4	4	4	4	1	1
1728	0	14	140	1	3	4	4	4	4	4	4	3	4	4	4	4	4	4	4	4	4	4	1	4	4	4	3	4	3	4	4	4	4	4
1735	0	55	50	1	4	4	4	4	4	3	3	4	3	4	4	4	3	2	2	3	4	4	0	.	.	.	.	.	.	.	.	.	1	1
1739	1	62	25	1	5	5	3	3	3	3	3	3	3	4	5	4	4	4	4	3	3	3	0	.	.	.	.	.	.	.	.	.	1	1
1742	0	54	130	1	5	4	3	3	3	4	4	3	3	5	5	4	3	.	4	4	4	4	0	.	.	.	.	.	.	.	.	.	1	1
1747	1	51	85	0	3	3	4	4	4	3	3	3	3	3	4	3	3	3	3	3	3	3	0	3	3	3	3	3	3	3	3	3	1	1
1748	1	55	55	1	5	5	3	3	3	4	4	3	3	4	4	3	3	3	3	4	3	3	0	.	.	.	.	.	.	.	.	.	1	1
1751	0	22	.	0	4	4	4	3	3	3	3	3	3	4	4	4	3	4	4	.	2	3	1	4	2	4	4	4	2	2	.	2	4	3
1754	0	65	.	1	4	4	4	4	4	4	4	4	4	4	5	3	3	3	3	5	4	4	0	.	.	.	.	.	.	.	.	.	1	1
1756	0	.	120	1	4	4	4	3	4	3	3	4	4	4	5	4	2	2	4	3	3	4	1	4	3	3	3	3	5	5	5	4	3	2
1758	1	64	30	1	5	5	3	2	2	4	3	3	3	4	4	5	4	4	4	4	4	5	1	4	3	4	4	4	4	4	4	4	4	4
1759	1	46	75	0	4	4	.	.	.	.	.	.	.	4	5	3	3	3	2	3	3	3	0	3	3	3	3	3	5	5	5	5	1	1
1761	1	68	250	1	5	4	3	3	3	3	3	3	3	4	4	3	3	3	3	3	3	3	1	3	3	4	3	3	2	2	3	2	3	3
1762	1	67	40	1	4	4	3	4	2	3	3	3	4	4	4	4	2	2	2	4	4	4	1	4	1	2	2	3	4	4	4	4	3	4
1763	0	68	.	1	4	4	4	4	4	4	2	2	4	2	5	4	4	4	4	3	3	3	0	.	.	.	.	.	.	.	.	.	1	1
1768	1	65	25	0	5	4	5	4	4	3	3	3	3	5	5	4	3	3	4	3	3	4	.	5	5	5	5	5	5	5	5	5	.	.
1771	0	58	.	1	5	5	4	3	4	4	3	4	3	4	4	4	3	3	4	3	3	3	1	4	3	4	4	4	.	.	.	.	4	.
1772	1	63	.	1	4	4	3	4	4	4	4	4	3	3	4	3	3	3	3	4	3	3	0	3	3	3	3	3	3	3	3	3	1	1
1774	0	54	.	0	5	5	4	4	4	3	4	4	4	3	4	4	4	4	3	4	4	4	1	2	2	2	3	2	1	1	1	1	3	3
1775	0	19	90	1	4	4	3	2	2	3	3	3	3	4	4	3	1	2	2	3	3	3	0	.	.	.	.	.	.	.	.	.	1	1
1778	0	20	.	1	5	5	3	3	3	4	3	3	3	3	5	3	3	3	3	4	4	3	1	4	2	2	4	4	4	4	4	4	4	4
1779	0	53	25	1	4	4	3	4	4	4	3	3	4	5	5	3	4	4	4	4	4	4	0	4	3	4	3	4	4	4	4	4	1	1
1780	0	44	70	1	4	4	2	1	1	1	2	1	3	4	4	2	1	1	1	3	3	3	.	.	.	.	.	.	.	.	.	.	.	.
1781	1	55	130	1	3	2	3	3	3	3	3	3	3	3	4	3	2	3	3	3	3	3	0	.	.	.	.	.	.	.	.	.	1	1
1785	1	88	30	1	4	4	4	4	4	4	3	3	3	4	4	4	4	4	3	4	4	4	0	4	4	4	4	4	4	4	4	4	1	1
1786	0	56	50	1	4	4	4	2	3	4	3	4	4	4	5	4	3	3	3	.	.	.	0	.	.	.	.	.	.	.	.	.	1	1
1788	0	47	.	0	4	4	4	3	3	4	3	3	3	4	4	3	4	3	4	3	3	4	1	4	3	4	4	4	3	3	3	3	4	3
1790	0	47	200	1	5	5	2	2	2	2	3	3	4	4	5	2	4	4	2	.	.	.	1	3	2	2	2	2	1	2	1	1	3	3
1792	1	72	.	1	.	.	5	5	5	4	4	4	5	.	.	4	4	4	4	4	4	5	0	.	.	.	.	.	.	.	.	.	1	1
1795	1	58	200	0	4	4	3	3	3	3	4	3	3	4	4	3	3	3	3	.	.	.	1	4	4	4	4	4	4	4	4	4	4	4
1796	0	64	.	1	5	5	4	4	4	4	4	4	4	5	5	4	4	4	4	4	4	4	.	4	2	2	4	4	4	4	4	4	.	.
1797	0	68	35	1	4	4	3	4	4	4	4	4	4	4	4	.	4	4	4	4	3	4	0	.	.	.	.	.	.	.	.	.	1	1
1798	0	36	30	1	4	4	3	3	4	4	3	3	3	4	4	3	3	3	3	3	3	3	0	4	3	3	4	4	2	3	3	2	1	1
1799	1	67	110	1	5	4	4	4	3	3	4	3	3	4	4	4	3	3	3	3	3	3	0	4	2	4	4	5	3	3	3	3	1	1
1800	0	54	30	1	5	5	4	4	4	4	4	4	4	5	5	3	3	4	4	4	4	5	0	.	.	.	.	.	.	.	.	.	1	1
1806	0	42	130	0	4	5	3	3	3	2	3	3	3	4	4	3	3	3	3	3	4	4	1	4	3	4	3	4	4	4	4	4	4	4
1808	0	34	80	1	4	4	4	4	3	4	4	4	4	4	5	3	3	3	3	4	4	4	0	.	.	.	.	.	.	.	.	.	1	1
1812	0	55	100	1	4	4	4	4	4	4	4	4	4	4	4	3	4	4	3	3	3	4	0	.	.	.	.	.	.	.	.	.	1	1
1813	0	49	40	1	4	4	3	3	3	3	4	2	2	4	4	4	4	4	4	4	4	4	1	4	3	4	4	4	5	5	5	5	4	2
1814	0	.	.	1	4	4	2	4	3	3	3	3	3	3	4	2	3	3	3	.	.	.	1	3	3	3	3	4	3	3	4	3	3	3
1815	0	46	35	0	5	5	4	4	4	4	4	4	4	4	4	4	4	4	4	4	4	4	0	.	.	.	.	.	.	.	.	.	1	1
1816	0	75	100	1	5	5	4	4	4	4	4	4	4	5	5	4	4	4	4	4	4	4	0	.	.	.	.	.	.	.	.	.	1	1
1817	0	48	25	0	5	5	.	.	.	.	.	.	.	4	4	4	4	4	4	4	4	4	0	4	4	4	4	4	4	4	4	4	1	1
1818	1	30	180	0	.	.	4	4	3	4	3	3	3	4	4	4	4	4	3	1	2	3	1	4	4	4	4	3	4	4	4	4	4	4
1820	0	54	55	1	3	5	3	3	3	2	3	3	3	5	5	2	2	2	3	3	3	3	1	3	2	3	3	5	5	3	5	5	3	2
1823	0	57	80	1	5	4	2	2	2	2	5	4	4	5	5	4	2	2	3	4	4	4	0	4	4	4	4	4	5	5	5	5	1	1
1826	1	52	100	1	5	5	5	4	5	5	5	5	5	5	5	5	5	5	5	4	3	4	0	.	.	.	.	.	4	3	4	4	1	1
1827	1	57	70	0	5	5	5	5	5	4	4	5	5	5	5	4	4	4	4	5	5	5	0	.	.	.	.	.	.	.	.	.	1	1
1836	0	56	85	0	5	5	4	3	3	4	3	4	4	4	4	3	3	4	4	3	3	3	0	3	3	3	3	3	3	3	3	3	1	1
1837	1	40	160	1	5	5	4	3	4	4	2	3	3	5	5	4	3	4	4	2	1	3	0	.	.	.	.	.	.	.	.	.	1	1
1841	0	37	20	1	5	5	5	5	5	3	5	5	5	4	5	5	3	4	4	4	4	4	0	4	4	4	4	4	4	4	4	4	1	1
1844	0	56	.	0	4	3	1	3	3	2	3	1	3	4	5	1	4	1	2	2	1	3	0	3	3	3	3	3	3	3	3	3	1	1
1846	0	78	15	1	5	5	5	5	5	5	4	3	3	5	5	5	5	5	5	5	5	5	1	5	5	5	5	5	5	5	5	5	2	2
1848	1	34	10	0	2	3	3	3	2	2	3	4	4	2	4	.	3	3	2	4	4	4	1	2	2	2	4	4	4	4	4	4	3	4
1852	0	61	65	0	4	4	3	3	3	3	4	4	4	4	4	.	.	.	.	4	4	4	1	3	3	3	3	3	4	4	4	4	3	4
1855	1	41	100	1	5	5	4	4	4	4	2	1	1	4	4	4	4	4	4	3	3	3	1	4	3	4	4	4	4	4	4	4	4	4
1857	0	58	85	0	.	4	4	4	4	4	.	.	.	5	4	4	4	4	4	3	4	4	0	.	.	.	.	.	.	.	.	.	1	1
1858	1	36	140	1	5	5	4	2	2	3	3	4	4	5	4	4	2	2	3	2	2	4	0	4	2	3	3	4	4	4	4	3	1	1
1867	1	63	50	1	5	5	4	4	4	4	4	4	4	5	5	4	4	3	4	4	5	5	1	4	2	4	4	5	4	4	4	4	4	4
1871	0	59	60	1	4	4	2	3	3	3	3	3	3	4	4	3	3	3	3	3	3	3	0	.	.	.	.	.	.	.	.	.	1	1
1876	1	35	110	1	5	5	4	3	3	4	3	3	4	4	4	4	4	4	4	4	3	3	0	4	3	4	4	4	4	4	4	4	1	1
1881	0	35	.	1	4	4	3	3	3	3	3	3	3	4	4	4	4	4	3	3	3	3	0	.	.	.	.	.	.	.	.	.	1	1
1882	0	73	15	1	4	5	4	3	3	3	.	.	.	3	4	3	3	3	3	4	4	4	0	3	3	3	3	3	4	3	4	4	1	1
1885	0	70	10	0	4	5	4	4	4	4	4	4	4	4	4	3	3	3	3	4	4	4	1	4	3	4	4	4	3	2	3	2	4	3
1887	0	52	.	1	5	5	4	4	4	3	4	4	4	4	5	4	4	4	3	4	4	4	0	3	3	3	3	3	4	4	4	3	1	1
1890	0	55	80	1	5	5	5	5	5	4	4	4	4	5	5	5	4	4	5	4	5	5	1	5	5	5	5	5	5	5	5	5	2	2
1891	1	53	.	1	4	4	4	3	4	3	3	3	3	4	4	4	3	3	3	.	.	.	0	3	3	4	4	4	4	4	4	4	1	1
1892	0	71	20	1	4	4	4	3	4	4	4	4	4	4	4	4	3	3	4	4	4	4	1	3	3	3	3	4	4	4	4	4	3	4
1896	1	31	95	1	4	4	4	4	4	3	4	3	4	4	4	3	3	3	3	3	4	4	1	3	2	2	4	4	2	3	4	3	3	3
1898	0	56	60	0	3	3	2	2	2	2	2	3	3	3	4	3	3	3	3	3	3	3	0	.	.	.	.	.	.	.	.	.	1	1
1901	1	39	250	0	5	5	4	4	4	4	4	4	4	4	5	4	4	4	4	3	3	3	1	4	2	3	3	4	5	5	5	5	3	2
1904	0	59	50	0	5	5	4	4	4	3	4	4	4	5	5	4	4	4	4	4	4	4	1	.	.	.	.	.	.	.	.	.	.	.
1905	0	46	40	1	.	.	3	4	4	4	3	3	4	5	5	4	4	4	3	4	3	4	1	4	3	4	4	4	4	4	4	4	4	4
1908	0	61	120	1	5	5	5	5	5	4	5	5	5	5	5	4	3	3	4	4	4	4	0	.	.	.	.	.	.	.	.	.	1	1
1912	1	48	55	0	4	4	4	4	4	4	3	3	3	4	4	3	4	4	3	4	3	3	0	.	.	.	.	.	4	4	3	3	1	1
1915	0	63	50	0	5	5	4	3	3	5	3	3	3	4	4	4	3	3	5	3	3	3	1	3	1	3	4	4	4	5	5	5	3	2
1917	1	25	250	1	4	4	4	4	4	4	4	4	4	4	4	3	4	4	4	3	3	3	0	3	3	3	3	3	3	3	3	3	1	1
1919	0	50	70	1	4	5	4	3	3	3	3	4	4	4	4	3	3	3	3	3	3	3	0	3	3	3	3	4	4	4	4	4	1	1
1921	0	45	70	0	4	4	3	4	3	3	2	2	2	4	4	3	3	3	2	3	3	3	1	4	2	3	2	2	2	2	2	2	3	3
1932	1	55	140	0	3	4	3	3	3	2	3	3	3	3	4	3	3	3	3	3	3	3	0	4	3	3	4	4	2	3	4	2	1	1
1935	0	21	45	1	4	4	3	3	3	2	3	3	3	4	4	3	3	4	4	4	2	3	.	3	2	3	3	3	5	5	5	5	.	.
1937	0	49	70	1	5	5	3	2	3	3	3	3	4	4	4	3	3	2	3	3	3	3	1	4	3	3	3	4	4	4	4	3	3	4
1940	0	40	150	1	4	4	4	4	4	4	4	4	4	4	5	4	4	4	4	3	3	3	1	4	4	4	4	4	4	4	4	4	4	4
1941	1	.	80	1	4	5	4	4	3	4	3	3	4	5	4	3	3	3	.	4	3	4	0	4	2	3	4	5	4	4	3	4	1	1
1943	0	48	225	1	4	4	2	4	4	2	3	3	3	3	3	2	1	5	3	.	.	.	1	3	3	3	3	3	5	5	5	5	3	2
1944	1	72	150	0	4	4	4	4	4	4	3	4	4	4	5	4	4	4	4	3	3	4	0	.	.	.	.	.	.	.	.	.	1	1
1946	0	78	45	1	5	4	4	4	5	3	2	3	3	5	5	4	4	4	5	.	.	.	1	.	.	.	.	.	4	4	4	3	.	4
1947	0	71	.	1	5	5	3	3	2	3	.	4	4	.	.	4	3	4	4	4	4	4	0	4	2	3	4	4	4	4	4	3	1	1
1952	1	48	20	1	5	5	2	1	1	2	3	2	2	4	3	1	1	1	2	2	3	3	1	2	2	2	2	2	2	3	3	2	3	3
1954	1	52	110	0	4	4	4	4	4	4	3	4	4	4	4	4	4	4	4	4	4	4	0	.	.	.	.	.	.	.	.	.	1	1
1956	0	36	130	1	5	5	3	3	3	3	3	4	3	.	.	3	3	3	3	3	3	4	.	3	3	3	3	3	2	3	3	3	.	.
1958	1	41	60	1	1	1	1	1	1	1	3	2	2	3	4	2	2	1	2	3	3	3	1	1	2	2	2	2	2	2	3	1	3	3
1959	0	62	100	1	4	4	4	3	3	4	3	4	4	4	4	4	2	2	4	4	4	4	0	4	3	4	4	4	4	4	4	4	1	1
1961	1	30	55	1	4	5	4	4	3	4	3	3	4	4	4	3	4	4	4	3	3	4	1	4	2	2	4	3	2	2	2	2	3	3
1962	1	45	140	1	3	4	3	3	3	3	3	3	3	4	4	4	3	3	3	3	3	3	0	3	4	3	3	3	4	4	4	3	1	1
1963	1	19	.	0	4	4	4	3	3	4	3	2	4	5	5	2	1	2	2	3	3	4	1	3	2	2	3	3	4	4	4	4	3	4
1967	1	58	90	0	5	5	4	5	5	5	4	4	4	5	5	5	5	5	4	4	4	4	0	.	.	.	.	.	.	.	.	.	1	1
1968	1	35	100	1	5	5	2	1	1	2	3	3	3	4	4	1	3	3	3	3	2	3	1	4	1	1	2	1	1	1	1	1	3	3
1969	0	44	.	1	5	5	3	3	4	4	3	3	4	3	5	3	3	3	3	3	3	3	1	4	4	3	4	4	3	2	4	1	4	3
1972	0	48	120	1	5	5	4	3	3	4	3	3	4	4	5	4	4	3	4	3	3	3	1	4	4	4	4	4	3	3	2	2	4	3
1973	0	52	95	1	4	4	4	4	3	4	3	4	4	5	5	4	3	4	3	4	3	4	1	3	2	3	4	4	4	5	5	4	3	2
1974	1	59	70	0	4	4	3	4	4	2	2	4	4	3	4	.	.	.	.	3	3	4	1	4	2	3	4	4	4	4	4	4	4	4
1975	1	52	55	1	5	5	4	4	4	3	4	4	4	4	4	3	2	2	3	4	4	4	0	.	.	.	.	.	.	.	.	.	1	1
1976	1	74	22	1	5	5	4	3	4	3	3	2	3	4	4	4	3	4	4	3	3	3	0	.	.	.	.	.	.	.	.	.	1	1
1978	1	.	50	1	5	4	3	3	4	3	4	3	4	5	4	4	3	3	4	4	4	4	1	4	3	3	3	3	4	4	4	4	3	4
1982	0	38	60	1	4	4	3	3	3	3	4	4	4	5	5	3	4	4	4	4	4	4	.	4	3	3	4	4	4	4	4	3	.	.
1985	0	77	45	0	5	5	4	4	4	4	4	3	4	5	5	4	4	4	4	4	4	4	0	.	.	.	.	.	.	.	.	.	1	1
1990	0	68	.	0	4	4	4	4	4	4	4	4	4	.	.	4	4	4	4	.	.	.	0	.	.	.	.	.	.	.	.	.	1	1
1992	0	57	60	1	5	5	4	4	4	5	5	5	5	5	5	5	5	5	5	4	4	4	0	.	.	.	.	.	.	.	.	.	1	1
1993	0	24	100	1	5	5	4	4	4	2	4	4	5	5	5	4	4	3	2	4	2	4	1	5	1	5	5	5	5	5	5	5	2	2
1996	0	47	35	1	3	4	3	3	3	3	3	3	3	3	4	3	3	3	3	3	3	3	1	4	4	4	4	4	4	3	3	3	4	3
1998	1	57	250	0	4	4	4	4	4	4	4	4	4	4	4	3	3	2	3	4	3	4	1	2	2	4	3	4	3	4	4	3	3	4
1999	1	32	90	1	2	4	4	3	4	4	3	3	3	3	4	3	3	4	3	3	3	3	1	3	2	3	3	4	3	4	4	4	3	4
2000	1	40	120	1	4	4	3	4	4	3	.	4	4	4	4	4	4	4	4	.	.	.	.	4	3	4	4	4	4	4	4	4	.	.
2001	0	.	160	1	2	4	3	3	2	2	4	3	3	3	4	3	2	2	2	4	4	4	1	3	2	2	4	4	4	4	4	4	3	4
2002	1	31	40	1	4	4	3	3	3	3	3	3	3	3	4	3	.	3	3	2	2	2	1	3	3	4	3	3	3	3	3	3	3	3
2003	0	63	30	1	4	4	4	4	4	4	3	3	3	4	4	4	4	3	3	4	4	4	0	3	3	4	4	4	4	4	4	4	1	1
2004	1	45	90	0	1	5	3	4	4	4	3	3	3	5	5	3	4	3	4	4	4	4	0	.	.	.	.	.	.	.	.	.	1	1
2005	1	61	200	0	4	4	4	4	4	4	4	4	4	4	4	4	4	4	4	4	4	4	1	4	4	4	2	3	4	4	3	2	3	4
2006	0	72	20	0	5	4	4	4	4	3	4	3	4	2	4	3	3	3	3	4	4	4	0	.	.	.	.	.	.	.	.	.	1	1
2008	0	53	.	1	5	4	4	4	4	4	4	3	4	4	4	3	3	3	3	4	3	4	1	2	1	2	4	3	2	3	4	3	3	3
2010	1	26	60	1	4	4	4	3	3	2	3	3	3	4	4	4	3	3	3	3	4	4	1	3	2	3	4	4	4	4	4	4	3	4
2015	0	43	25	0	3	4	.	.	.	.	.	.	.	2	4	3	5	4	2	3	2	3	0	4	3	4	3	4	3	3	3	3	1	1
2019	0	.	.	1	4	4	4	4	4	4	3	3	3	5	5	4	3	3	4	3	3	3	0	.	.	.	.	.	.	.	.	.	1	1
2024	1	50	65	0	4	4	4	4	4	4	4	4	4	5	4	4	4	4	5	4	4	4	1	4	3	4	4	4	4	4	4	4	4	4
2026	1	50	25	.	.	4	3	.	3	3	2	2	2	3	3	3	3	3	3	3	3	3	0	3	3	3	3	3	3	3	3	3	1	1
2029	0	81	15	1	.	.	.	.	.	.	.	.	.	4	5	.	.	.	.	3	4	3	1	2	2	2	4	4	4	.	.	.	3	4
2030	1	62	250	0	1	3	.	.	.	.	.	.	.	3	3	1	1	1	1	3	2	2	1	1	1	1	1	1	1	2	1	1	3	3
2036	1	29	100	1	5	5	5	4	4	4	4	4	5	5	4	4	4	4	4	4	4	4	0	.	.	.	.	.	.	.	.	.	1	1
2038	1	45	180	0	5	5	4	4	4	4	3	2	3	5	5	4	4	3	4	2	3	3	1	4	3	4	3	4	3	2	2	1	4	3
2042	1	55	50	1	4	4	2	2	2	3	2	2	2	.	.	2	3	3	2	2	3	3	0	2	3	2	3	4	3	2	4	3	1	1
2043	1	39	35	1	5	5	3	2	3	3	3	3	3	4	4	4	4	4	3	4	4	4	0	.	.	.	.	.	3	3	3	3	1	1
2048	1	28	.	1	4	5	4	4	4	3	3	3	3	3	4	4	4	4	4	3	3	3	1	4	3	3	4	4	5	5	3	3	4	2
2050	0	47	30	1	5	5	3	3	3	4	4	4	4	4	4	4	3	3	3	4	4	4	0	3	3	3	3	3	4	4	4	4	1	1
2053	1	78	40	0	4	4	.	.	.	.	.	.	.	4	5	4	4	4	4	4	5	5	0	.	.	.	.	.	.	.	.	.	1	1
2054	1	57	100	1	4	5	4	4	4	4	4	4	5	4	4	4	4	4	4	4	3	4	1	4	4	3	3	4	4	4	4	3	3	4
2058	1	45	85	1	4	4	4	4	4	4	3	3	3	4	4	4	4	4	4	3	3	3	0	.	.	.	.	.	.	.	.	.	1	1
2066	1	47	150	0	4	5	2	4	4	3	2	2	2	4	4	1	1	2	1	3	2	2	1	1	1	1	1	1	2	2	2	2	3	3
2069	0	33	130	1	5	5	5	4	4	4	1	2	2	5	5	4	4	4	3	4	3	3	1	4	3	4	3	4	5	5	5	5	4	2
2070	1	32	75	1	5	5	2	4	3	3	3	3	4	5	5	2	4	4	4	3	3	3	1	3	3	3	3	4	4	4	3	4	3	4
2078	0	36	35	1	5	5	4	4	3	3	4	4	4	4	5	4	4	4	2	4	3	3	1	5	2	5	5	5	4	4	3	3	2	4
2079	1	45	60	0	3	4	.	2	2	2	4	2	4	2	4	4	2	4	2	4	4	4	0	.	.	.	.	.	.	.	.	.	1	1
