     3.000     3.000     3.000     2.000    2     0.000     0.997     0.003     2.000
     2.000     2.000     2.000     2.000    4     0.000     0.003     0.997     3.000
     2.000     3.000     3.000     2.000    8     0.000     0.893     0.107     2.000
     3.000     3.000     3.000     3.000   10     0.000     1.000     0.000     2.000
     3.000     3.000     3.000     2.000   13     0.000     0.997     0.003     2.000
     3.000     3.000     3.000     3.000   14     0.000     1.000     0.000     2.000
     2.000     3.000     3.000     2.000   17     0.000     0.893     0.107     2.000
     3.000     3.000     3.000     3.000   19     0.000     1.000     0.000     2.000
     3.000     3.000     3.000     3.000   26     0.000     1.000     0.000     2.000
     1.000     1.000     2.000     0.000   32     0.000     0.000     1.000     3.000
     3.000     3.000     3.000     3.000   39     0.000     1.000     0.000     2.000
     3.000     3.000     3.000     1.000   43     0.000     0.985     0.015     2.000
     4.000     4.000     4.000     4.000   52     1.000     0.000     0.000     1.000
     1.000         *     3.000         *   55     0.000     0.000     1.000     3.000
     3.000     3.000     3.000     3.000   57     0.000     1.000     0.000     2.000
     2.000     2.000     2.000     2.000   60     0.000     0.003     0.997     3.000
     3.000     2.000     2.000     2.000   63     0.000     0.097     0.903     3.000
     4.000     4.000     4.000     4.000   67     1.000     0.000     0.000     1.000
     3.000     3.000     3.000     3.000   68     0.000     1.000     0.000     2.000
     2.000     2.000     3.000     2.000   73     0.000     0.027     0.973     3.000
     3.000     3.000     3.000     3.000   74     0.000     1.000     0.000     2.000
     3.000     3.000     2.000     3.000   77     0.000     1.000     0.000     2.000
     3.000     3.000     3.000     1.000   88     0.000     0.985     0.015     2.000
     1.000     2.000     1.000     1.000   91     0.000     0.000     1.000     3.000
     3.000     3.000     3.000     2.000   92     0.000     0.997     0.003     2.000
     1.000     2.000     1.000     2.000   93     0.000     0.000     1.000     3.000
     3.000     3.000     3.000     3.000   94     0.000     1.000     0.000     2.000
     0.000     0.000     1.000     0.000   95     0.000     0.000     1.000     3.000
     4.000     4.000     4.000     4.000   97     1.000     0.000     0.000     1.000
     3.000     3.000     3.000     3.000  106     0.000     1.000     0.000     2.000
     3.000     3.000     3.000     3.000  108     0.000     1.000     0.000     2.000
     3.000     2.000     2.000     2.000  110     0.000     0.097     0.903     3.000
     2.000     2.000     3.000     2.000  112     0.000     0.027     0.973     3.000
     3.000     4.000     4.000     4.000  114     1.000     0.000     0.000     1.000
     0.000     1.000     1.000     0.000  116     0.000     0.000     1.000     3.000
     3.000     3.000     3.000     3.000  118     0.000     1.000     0.000     2.000
     3.000     3.000     3.000     3.000  124     0.000     1.000     0.000     2.000
     3.000     2.000     3.000     3.000  125     0.000     0.990     0.009     2.000
     3.000     3.000     3.000     3.000  127     0.000     1.000     0.000     2.000
     4.000     4.000     4.000     4.000  137     1.000     0.000     0.000     1.000
     2.000     3.000     3.000     2.000  139     0.000     0.893     0.107     2.000
     3.000     3.000     3.000     3.000  146     0.000     1.000     0.000     2.000
     3.000     3.000     3.000     3.000  167     0.000     1.000     0.000     2.000
     3.000     3.000     3.000     3.000  179     0.000     1.000     0.000     2.000
     3.000     3.000     3.000     3.000  180     0.000     1.000     0.000     2.000
     3.000     3.000     3.000     3.000  182     0.000     1.000     0.000     2.000
     2.000     2.000     2.000     2.000  185     0.000     0.003     0.997     3.000
     2.000     3.000     4.000     2.000  189     0.013     0.721     0.266     2.000
     4.000     4.000     4.000     4.000  190     1.000     0.000     0.000     1.000
     4.000     4.000     4.000     4.000  192     1.000     0.000     0.000     1.000
     3.000     3.000     3.000     3.000  199     0.000     1.000     0.000     2.000
     3.000     3.000     3.000     0.000  202     0.000     0.959     0.041     2.000
     3.000     3.000     3.000     3.000  207     0.000     1.000     0.000     2.000
     3.000     3.000     3.000     3.000  208     0.000     1.000     0.000     2.000
     3.000     3.000     3.000     3.000  216     0.000     1.000     0.000     2.000
     4.000     4.000     4.000     2.000  226     1.000     0.000     0.000     1.000
     4.000     4.000     4.000     4.000  236     1.000     0.000     0.000     1.000
     1.000     2.000     1.000     1.000  249     0.000     0.000     1.000     3.000
     2.000     3.000     3.000     3.000  250     0.000     0.999     0.001     2.000
     4.000     4.000     4.000     4.000  269     1.000     0.000     0.000     1.000
     3.000     3.000     3.000     3.000  278     0.000     1.000     0.000     2.000
     0.000     0.000     0.000     0.000  280     0.000     0.000     1.000     3.000
     2.000     1.000     3.000     1.000  281     0.000     0.000     1.000     3.000
     3.000     3.000     3.000     3.000  296     0.000     1.000     0.000     2.000
     1.000     2.000     1.000     2.000  298     0.000     0.000     1.000     3.000
     4.000     4.000     4.000     4.000  299     1.000     0.000     0.000     1.000
     3.000     3.000     3.000     2.000  301     0.000     0.997     0.003     2.000
     0.000     1.000     3.000     1.000  304     0.000     0.000     1.000     3.000
     2.000     2.000     2.000     2.000  310     0.000     0.003     0.997     3.000
     2.000     2.000     3.000     2.000  313     0.000     0.027     0.973     3.000
     2.000     2.000     3.000     2.000  315     0.000     0.027     0.973     3.000
     2.000     3.000     4.000     3.000  319     0.011     0.985     0.004     2.000
     1.000     2.000     1.000     1.000  320     0.000     0.000     1.000     3.000
     3.000     3.000     3.000     2.000  322     0.000     0.997     0.003     2.000
     3.000     3.000     3.000     3.000  325     0.000     1.000     0.000     2.000
     4.000     4.000     4.000     4.000  331     1.000     0.000     0.000     1.000
     3.000     3.000     3.000     2.000  332     0.000     0.997     0.003     2.000
     0.000     0.000     4.000     0.000  335     0.000     0.000     1.000     3.000
     2.000     1.000     0.000     2.000  342     0.000     0.000     1.000     3.000
     3.000     3.000     3.000     3.000  343     0.000     1.000     0.000     2.000
     3.000     3.000     3.000     3.000  345     0.000     1.000     0.000     2.000
     4.000     4.000     3.000     3.000  346     1.000     0.000     0.000     1.000
     2.000     2.000     3.000     1.000  347     0.000     0.005     0.995     3.000
     2.000     1.000     1.000     1.000  350     0.000     0.000     1.000     3.000
     3.000     3.000     3.000     3.000  351     0.000     1.000     0.000     2.000
     1.000     1.000     3.000     0.000  355     0.000     0.000     1.000     3.000
     3.000     3.000     3.000     2.000  360     0.000     0.997     0.003     2.000
     3.000     3.000     3.000     3.000  364     0.000     1.000     0.000     2.000
     3.000     3.000     3.000     3.000  365     0.000     1.000     0.000     2.000
     1.000     3.000     1.000     1.000  366     0.000     0.000     1.000     3.000
     2.000     3.000     3.000     3.000  368     0.000     0.999     0.001     2.000
     2.000     2.000     3.000     1.000  369     0.000     0.005     0.995     3.000
     3.000     2.000     3.000     2.000  372     0.000     0.543     0.457     2.000
     4.000     4.000     3.000     4.000  374     1.000     0.000     0.000     1.000
     3.000     3.000     3.000     3.000  382     0.000     1.000     0.000     2.000
     3.000     3.000     3.000     2.000  383     0.000     0.997     0.003     2.000
     3.000     3.000     3.000     3.000  387     0.000     1.000     0.000     2.000
     3.000     3.000     3.000     3.000  394     0.000     1.000     0.000     2.000
     2.000     2.000     3.000     2.000  396     0.000     0.027     0.973     3.000
     3.000     3.000     3.000     3.000  401     0.000     1.000     0.000     2.000
     0.000     2.000     2.000     2.000  402     0.000     0.000     1.000     3.000
     2.000     2.000     2.000     2.000  404     0.000     0.003     0.997     3.000
     1.000     2.000     3.000     2.000  410     0.000     0.000     1.000     3.000
     4.000     4.000     4.000     4.000  415     1.000     0.000     0.000     1.000
     3.000     3.000     3.000     3.000  416     0.000     1.000     0.000     2.000
     3.000     3.000     3.000     3.000  417     0.000     1.000     0.000     2.000
     3.000     3.000     3.000     3.000  424     0.000     1.000     0.000     2.000
     4.000     4.000     4.000     4.000  428     1.000     0.000     0.000     1.000
     4.000     4.000     4.000     4.000  431     1.000     0.000     0.000     1.000
     2.000     2.000     2.000     1.000  433     0.000     0.000     1.000     3.000
     4.000     4.000     4.000     4.000  434     1.000     0.000     0.000     1.000
     4.000     4.000     4.000     4.000  437     1.000     0.000     0.000     1.000
     3.000     3.000     3.000     3.000  443     0.000     1.000     0.000     2.000
     3.000     3.000     3.000     2.000  449     0.000     0.997     0.003     2.000
     2.000     2.000     2.000     2.000  450     0.000     0.003     0.997     3.000
     3.000     3.000     2.000     2.000  455     0.000     0.969     0.030     2.000
     2.000     3.000     2.000     3.000  458     0.000     0.985     0.015     2.000
     1.000     1.000     2.000     0.000  461     0.000     0.000     1.000     3.000
     3.000     3.000     3.000     2.000  465     0.000     0.997     0.003     2.000
     4.000         *         *         *  474     0.955     0.015     0.031     1.000
     2.000     2.000     3.000     2.000  481     0.000     0.027     0.973     3.000
     2.000     2.000     2.000     2.000  482     0.000     0.003     0.997     3.000
     3.000     3.000     3.000     2.000  483     0.000     0.997     0.003     2.000
     2.000     2.000     3.000     2.000  489     0.000     0.027     0.973     3.000
     3.000     3.000     3.000     3.000  492     0.000     1.000     0.000     2.000
     0.000     0.000     0.000     0.000  493     0.000     0.000     1.000     3.000
     2.000     3.000     3.000     3.000  498     0.000     0.999     0.001     2.000
     3.000     3.000     3.000     3.000  504     0.000     1.000     0.000     2.000
     2.000     2.000     2.000     2.000  507     0.000     0.003     0.997     3.000
     3.000     3.000     3.000     3.000  519     0.000     1.000     0.000     2.000
     3.000     3.000     3.000     3.000  525     0.000     1.000     0.000     2.000
     4.000     4.000     4.000     4.000  528     1.000     0.000     0.000     1.000
     3.000     3.000     3.000     3.000  529     0.000     1.000     0.000     2.000
     4.000     4.000     4.000     4.000  531     1.000     0.000     0.000     1.000
     4.000     4.000     4.000     4.000  540     1.000     0.000     0.000     1.000
     4.000     2.000     0.000     2.000  549     0.000     0.000     1.000     3.000
     3.000     3.000     3.000     3.000  554     0.000     1.000     0.000     2.000
     4.000     3.000     0.000     1.000  565     0.000     0.000     1.000     3.000
     1.000     2.000     1.000     2.000  566     0.000     0.000     1.000     3.000
     0.000     0.000     0.000     0.000  569     0.000     0.000     1.000     3.000
     2.000     3.000     3.000     2.000  578     0.000     0.893     0.107     2.000
     4.000     4.000     4.000     4.000  599     1.000     0.000     0.000     1.000
     0.000     0.000     0.000     0.000  608     0.000     0.000     1.000     3.000
     3.000     3.000     3.000     3.000  615     0.000     1.000     0.000     2.000
     1.000     1.000     3.000     1.000  625     0.000     0.000     1.000     3.000
     3.000     3.000     3.000     3.000  629     0.000     1.000     0.000     2.000
     3.000     3.000     3.000     3.000  636     0.000     1.000     0.000     2.000
     1.000     1.000     2.000     1.000  639     0.000     0.000     1.000     3.000
     3.000     3.000     3.000     3.000  640     0.000     1.000     0.000     2.000
     3.000     3.000     3.000     2.000  641     0.000     0.997     0.003     2.000
     3.000     3.000     3.000     3.000  642     0.000     1.000     0.000     2.000
     3.000     3.000     2.000     3.000  650     0.000     1.000     0.000     2.000
     1.000     2.000     3.000     1.000  654     0.000     0.000     1.000     3.000
     3.000     3.000     3.000     3.000  658     0.000     1.000     0.000     2.000
     4.000     4.000     4.000     4.000  666     1.000     0.000     0.000     1.000
     4.000     4.000     4.000     4.000  667     1.000     0.000     0.000     1.000
     3.000     2.000     2.000     2.000  672     0.000     0.097     0.903     3.000
     3.000     3.000     3.000     3.000  675     0.000     1.000     0.000     2.000
     3.000     2.000     2.000     2.000  677     0.000     0.097     0.903     3.000
     3.000     3.000     3.000     2.000  678     0.000     0.997     0.003     2.000
     3.000     3.000     3.000     2.000  694     0.000     0.997     0.003     2.000
     3.000     3.000     3.000     3.000  704     0.000     1.000     0.000     2.000
     3.000     3.000     3.000     3.000  705     0.000     1.000     0.000     2.000
     1.000     0.000     1.000     2.000  710     0.000     0.000     1.000     3.000
     1.000     2.000     3.000     1.000  711     0.000     0.000     1.000     3.000
     4.000     3.000     4.000     4.000  712     1.000     0.000     0.000     1.000
     3.000     3.000     3.000     3.000  714     0.000     1.000     0.000     2.000
     4.000     4.000     4.000     4.000  719     1.000     0.000     0.000     1.000
     3.000     3.000     3.000     2.000  721     0.000     0.997     0.003     2.000
     3.000     2.000     3.000     2.000  724     0.000     0.543     0.457     2.000
     2.000     2.000     2.000     2.000  726     0.000     0.003     0.997     3.000
     0.000     1.000     2.000     2.000  727     0.000     0.000     1.000     3.000
     3.000     3.000     3.000     3.000  738     0.000     1.000     0.000     2.000
     3.000     3.000     3.000     3.000  743     0.000     1.000     0.000     2.000
     3.000     3.000     3.000     4.000  748     0.004     0.996     0.000     2.000
     3.000     2.000     2.000     3.000  749     0.001     0.904     0.096     2.000
     3.000     3.000     3.000     3.000  757     0.000     1.000     0.000     2.000
     3.000     3.000     3.000     3.000  759     0.000     1.000     0.000     2.000
     1.000     2.000     3.000     1.000  762     0.000     0.000     1.000     3.000
     2.000     2.000     2.000     2.000  775     0.000     0.003     0.997     3.000
     3.000     3.000     3.000     3.000  778     0.000     1.000     0.000     2.000
     2.000     4.000     3.000     2.000  779     0.052     0.000     0.948     3.000
     2.000     2.000     3.000     1.000  784     0.000     0.005     0.995     3.000
     2.000     3.000     3.000     2.000  790     0.000     0.893     0.107     2.000
     2.000     2.000     2.000     2.000  801     0.000     0.003     0.997     3.000
     3.000     3.000     3.000     3.000  804     0.000     1.000     0.000     2.000
     4.000     4.000     4.000     4.000  817     1.000     0.000     0.000     1.000
     1.000     2.000     3.000     1.000  820     0.000     0.000     1.000     3.000
     1.000     2.000     2.000     2.000  826     0.000     0.000     1.000     3.000
     0.000     0.000     0.000     0.000  828     0.000     0.000     1.000     3.000
     3.000     3.000     4.000     4.000  834     0.738     0.262     0.000     1.000
     3.000     3.000     3.000     3.000  839     0.000     1.000     0.000     2.000
     3.000     3.000     3.000     3.000  842     0.000     1.000     0.000     2.000
     1.000     2.000     1.000     2.000  848     0.000     0.000     1.000     3.000
     4.000     4.000     2.000     3.000  850     1.000     0.000     0.000     1.000
     1.000     2.000     1.000     1.000  851     0.000     0.000     1.000     3.000
     3.000     3.000     3.000     3.000  852     0.000     1.000     0.000     2.000
     2.000     3.000     3.000     2.000  872     0.000     0.893     0.107     2.000
     3.000     2.000     2.000     2.000  888     0.000     0.097     0.903     3.000
     3.000     3.000     3.000     3.000  889     0.000     1.000     0.000     2.000
     2.000     2.000     3.000     1.000  891     0.000     0.005     0.995     3.000
     2.000     2.000     2.000     1.000  893     0.000     0.000     1.000     3.000
     4.000     4.000     4.000     4.000  896     1.000     0.000     0.000     1.000
     3.000     3.000     3.000     3.000  902     0.000     1.000     0.000     2.000
     4.000     4.000     3.000     4.000  903     1.000     0.000     0.000     1.000
     2.000     2.000     3.000     2.000  913     0.000     0.027     0.973     3.000
     3.000         *     3.000         *  916     0.002     0.976     0.022     2.000
     3.000     3.000     3.000     3.000  920     0.000     1.000     0.000     2.000
     2.000     2.000     2.000     2.000  921     0.000     0.003     0.997     3.000
     2.000     2.000     2.000     3.000  928     0.000     0.182     0.818     3.000
     3.000     2.000     2.000     2.000  929     0.000     0.097     0.903     3.000
     3.000     2.000     3.000     2.000  934     0.000     0.543     0.457     2.000
     4.000     4.000     4.000     4.000  936     1.000     0.000     0.000     1.000
     3.000     3.000     3.000     3.000  942     0.000     1.000     0.000     2.000
     3.000     3.000     3.000     3.000  948     0.000     1.000     0.000     2.000
     3.000     3.000     3.000     3.000  962     0.000     1.000     0.000     2.000
     3.000     3.000     3.000     3.000  965     0.000     1.000     0.000     2.000
     3.000     3.000     1.000     3.000  971     0.001     0.996     0.003     2.000
     3.000     3.000     3.000     3.000  973     0.000     1.000     0.000     2.000
     3.000     2.000     2.000     2.000  975     0.000     0.097     0.903     3.000
     2.000     3.000     2.000     2.000  981     0.000     0.429     0.571     3.000
     2.000     1.000     1.000     1.000  986     0.000     0.000     1.000     3.000
     2.000     1.000     1.000     1.000  990     0.000     0.000     1.000     3.000
     3.000     3.000     3.000     2.000  991     0.000     0.997     0.003     2.000
     3.000     3.000     3.000     3.000 1008     0.000     1.000     0.000     2.000
     1.000     1.000     3.000     2.000 1022     0.000     0.000     1.000     3.000
     3.000     3.000     3.000     3.000 1023     0.000     1.000     0.000     2.000
     3.000     3.000     3.000     3.000 1024     0.000     1.000     0.000     2.000
     1.000     1.000     3.000     1.000 1035     0.000     0.000     1.000     3.000
     3.000     3.000     2.000     2.000 1042     0.000     0.969     0.030     2.000
     3.000     3.000     3.000     3.000 1045     0.000     1.000     0.000     2.000
     3.000     3.000     3.000     3.000 1046     0.000     1.000     0.000     2.000
     2.000     3.000     3.000     2.000 1048     0.000     0.893     0.107     2.000
     3.000     3.000     3.000     3.000 1049     0.000     1.000     0.000     2.000
     0.000     0.000     3.000     0.000 1053     0.000     0.000     1.000     3.000
     0.000     1.000     0.000     0.000 1054     0.000     0.000     1.000     3.000
     2.000     2.000     3.000     2.000 1058     0.000     0.027     0.973     3.000
     4.000     4.000     3.000     3.000 1066     1.000     0.000     0.000     1.000
     4.000     4.000     4.000     4.000 1071     1.000     0.000     0.000     1.000
     2.000     2.000     3.000     2.000 1075     0.000     0.027     0.973     3.000
     3.000     3.000     3.000     3.000 1088     0.000     1.000     0.000     2.000
     1.000     0.000     0.000     1.000 1091     0.000     0.000     1.000     3.000
     4.000     4.000     4.000     4.000 1092     1.000     0.000     0.000     1.000
     1.000     1.000     1.000     1.000 1097     0.000     0.000     1.000     3.000
     3.000     3.000     3.000     3.000 1102     0.000     1.000     0.000     2.000
     3.000     3.000     3.000     3.000 1107     0.000     1.000     0.000     2.000
     1.000     1.000     3.000     1.000 1110     0.000     0.000     1.000     3.000
     4.000     4.000     4.000     4.000 1111     1.000     0.000     0.000     1.000
     4.000     4.000     4.000     4.000 1118     1.000     0.000     0.000     1.000
     3.000     2.000     2.000     2.000 1139     0.000     0.097     0.903     3.000
     2.000     3.000     3.000     3.000 1140     0.000     0.999     0.001     2.000
     3.000     3.000     3.000     3.000 1158     0.000     1.000     0.000     2.000
     3.000     3.000     3.000     4.000 1164     0.004     0.996     0.000     2.000
     2.000     2.000     2.000     2.000 1165     0.000     0.003     0.997     3.000
     3.000     3.000     2.000     3.000 1166     0.000     1.000     0.000     2.000
     4.000     4.000     4.000     4.000 1173     1.000     0.000     0.000     1.000
     1.000     1.000     3.000     3.000 1175     0.000     0.000     1.000     3.000
     4.000     4.000     4.000     4.000 1176     1.000     0.000     0.000     1.000
     3.000     3.000     3.000     3.000 1185     0.000     1.000     0.000     2.000
     4.000     4.000     4.000     4.000 1186     1.000     0.000     0.000     1.000
     1.000     2.000     2.000     2.000 1188     0.000     0.000     1.000     3.000
     0.000     0.000     0.000     0.000 1189     0.000     0.000     1.000     3.000
     3.000     3.000     2.000     2.000 1192     0.000     0.969     0.030     2.000
     3.000     3.000     3.000     3.000 1196     0.000     1.000     0.000     2.000
     1.000     2.000     1.000     2.000 1199     0.000     0.000     1.000     3.000
     1.000     2.000     3.000     1.000 1205     0.000     0.000     1.000     3.000
     1.000     3.000     1.000     1.000 1213     0.000     0.000     1.000     3.000
     2.000     4.000     4.000     4.000 1217     1.000     0.000     0.000     1.000
     4.000     4.000     4.000     4.000 1220     1.000     0.000     0.000     1.000
     4.000         *     4.000         * 1221     0.999     0.000     0.001     1.000
     2.000     2.000     3.000     2.000 1224     0.000     0.027     0.973     3.000
     0.000     1.000     1.000     1.000 1226     0.000     0.000     1.000     3.000
     0.000     0.000     0.000     2.000 1233     0.000     0.000     1.000     3.000
     3.000     3.000     3.000     3.000 1234     0.000     1.000     0.000     2.000
     2.000     2.000     3.000     1.000 1238     0.000     0.005     0.995     3.000
     2.000     2.000     2.000     2.000 1243     0.000     0.003     0.997     3.000
     3.000     3.000     3.000     2.000 1246     0.000     0.997     0.003     2.000
     2.000     2.000     2.000     2.000 1261     0.000     0.003     0.997     3.000
     3.000     3.000     3.000     3.000 1262     0.000     1.000     0.000     2.000
     3.000     3.000     3.000     3.000 1265     0.000     1.000     0.000     2.000
     1.000     1.000     2.000     1.000 1266     0.000     0.000     1.000     3.000
     3.000     3.000     2.000     3.000 1267     0.000     1.000     0.000     2.000
     2.000     3.000     3.000     2.000 1271     0.000     0.893     0.107     2.000
     2.000     2.000     2.000     2.000 1275     0.000     0.003     0.997     3.000
     3.000     3.000     3.000     3.000 1276     0.000     1.000     0.000     2.000
     3.000     3.000     3.000     3.000 1277     0.000     1.000     0.000     2.000
     3.000     3.000     3.000     1.000 1291     0.000     0.985     0.015     2.000
     4.000     4.000     4.000     4.000 1294     1.000     0.000     0.000     1.000
     2.000     2.000     3.000     3.000 1302     0.000     0.712     0.288     2.000
     3.000     3.000     2.000     3.000 1312     0.000     1.000     0.000     2.000
     3.000     3.000     2.000     2.000 1313     0.000     0.969     0.030     2.000
     4.000     4.000     3.000     4.000 1324     1.000     0.000     0.000     1.000
     3.000     3.000     3.000     3.000 1327     0.000     1.000     0.000     2.000
     4.000     4.000     4.000     4.000 1329     1.000     0.000     0.000     1.000
     3.000     3.000     2.000     3.000 1330     0.000     1.000     0.000     2.000
     3.000     3.000     2.000     3.000 1333     0.000     1.000     0.000     2.000
     3.000     3.000     3.000     3.000 1334     0.000     1.000     0.000     2.000
     3.000     3.000     3.000     3.000 1338     0.000     1.000     0.000     2.000
     4.000     4.000     4.000     4.000 1346     1.000     0.000     0.000     1.000
     3.000     3.000     3.000     3.000 1348     0.000     1.000     0.000     2.000
     2.000     3.000     2.000     1.000 1353     0.000     0.124     0.876     3.000
     4.000     4.000     4.000     4.000 1366     1.000     0.000     0.000     1.000
     3.000     3.000     3.000     2.000 1368     0.000     0.997     0.003     2.000
     3.000     3.000     3.000     3.000 1370     0.000     1.000     0.000     2.000
     3.000     3.000     3.000     2.000 1371     0.000     0.997     0.003     2.000
     3.000     3.000     3.000     3.000 1374     0.000     1.000     0.000     2.000
     3.000     3.000     3.000     3.000 1381     0.000     1.000     0.000     2.000
     3.000     3.000     3.000     3.000 1398     0.000     1.000     0.000     2.000
     3.000     3.000     3.000     3.000 1400     0.000     1.000     0.000     2.000
     3.000     3.000     3.000     3.000 1401     0.000     1.000     0.000     2.000
     2.000     3.000     3.000     2.000 1406     0.000     0.893     0.107     2.000
     1.000     2.000     3.000     1.000 1409     0.000     0.000     1.000     3.000
     1.000     2.000     3.000     1.000 1412     0.000     0.000     1.000     3.000
     2.000     3.000     2.000     2.000 1415     0.000     0.429     0.571     3.000
     2.000     2.000     2.000     2.000 1426     0.000     0.003     0.997     3.000
     3.000     3.000     3.000     3.000 1432     0.000     1.000     0.000     2.000
     3.000     3.000     3.000     3.000 1438     0.000     1.000     0.000     2.000
     2.000     2.000     3.000     3.000 1439     0.000     0.712     0.288     2.000
     3.000     3.000     3.000     3.000 1441     0.000     1.000     0.000     2.000
     3.000     3.000     3.000     3.000 1454     0.000     1.000     0.000     2.000
     4.000     4.000     4.000     4.000 1471     1.000     0.000     0.000     1.000
     3.000     3.000     3.000     3.000 1473     0.000     1.000     0.000     2.000
     2.000     3.000     3.000     1.000 1476     0.000     0.611     0.389     2.000
     3.000     3.000     3.000     3.000 1481     0.000     1.000     0.000     2.000
     2.000     2.000     2.000     2.000 1482     0.000     0.003     0.997     3.000
     2.000     2.000     3.000     2.000 1486     0.000     0.027     0.973     3.000
     1.000     1.000     3.000     1.000 1491     0.000     0.000     1.000     3.000
     2.000     2.000     2.000     2.000 1495     0.000     0.003     0.997     3.000
     2.000     2.000     2.000     2.000 1497     0.000     0.003     0.997     3.000
     3.000     3.000     3.000     1.000 1518     0.000     0.985     0.015     2.000
     2.000     2.000     2.000     2.000 1526     0.000     0.003     0.997     3.000
     3.000     2.000     3.000     2.000 1530     0.000     0.543     0.457     2.000
     3.000     3.000     3.000     2.000 1532     0.000     0.997     0.003     2.000
     3.000     3.000     3.000     3.000 1533     0.000     1.000     0.000     2.000
     3.000     3.000     3.000     3.000 1535     0.000     1.000     0.000     2.000
     3.000     3.000     3.000     3.000 1536     0.000     1.000     0.000     2.000
     2.000     2.000     3.000     1.000 1539     0.000     0.005     0.995     3.000
     3.000     3.000     3.000     3.000 1544     0.000     1.000     0.000     2.000
     3.000     2.000     2.000     2.000 1547     0.000     0.097     0.903     3.000
     4.000     4.000     2.000     3.000 1549     1.000     0.000     0.000     1.000
     3.000     3.000     3.000     3.000 1556     0.000     1.000     0.000     2.000
     3.000     3.000     3.000     3.000 1567     0.000     1.000     0.000     2.000
     2.000     3.000     3.000     3.000 1569     0.000     0.999     0.001     2.000
     2.000     2.000     2.000     2.000 1583     0.000     0.003     0.997     3.000
     2.000     2.000     3.000     3.000 1584     0.000     0.712     0.288     2.000
     4.000     3.000     3.000     3.000 1585     0.021     0.978     0.001     2.000
     2.000     3.000     3.000     2.000 1591     0.000     0.893     0.107     2.000
     1.000     2.000     1.000         * 1596     0.000     0.000     1.000     3.000
     4.000     4.000     4.000     2.000 1601     1.000     0.000     0.000     1.000
     0.000     0.000     0.000     0.000 1610     0.000     0.000     1.000     3.000
     4.000     4.000     1.000     4.000 1615     1.000     0.000     0.000     1.000
     1.000     1.000     3.000     1.000 1616     0.000     0.000     1.000     3.000
     3.000     3.000     3.000     3.000 1620     0.000     1.000     0.000     2.000
     4.000     4.000     1.000     3.000 1624     1.000     0.000     0.000     1.000
     3.000     3.000     4.000         * 1625     0.034     0.962     0.004     2.000
     0.000     0.000     4.000     0.000 1626     0.000     0.000     1.000     3.000
     4.000     4.000     4.000     4.000 1629     1.000     0.000     0.000     1.000
     2.000     2.000     2.000     1.000 1645     0.000     0.000     1.000     3.000
     1.000     1.000     3.000     2.000 1654     0.000     0.000     1.000     3.000
     3.000     3.000     3.000     3.000 1656     0.000     1.000     0.000     2.000
     3.000     3.000     3.000     3.000 1661     0.000     1.000     0.000     2.000
     0.000     0.000     0.000     0.000 1668     0.000     0.000     1.000     3.000
     4.000     4.000     4.000     4.000 1684     1.000     0.000     0.000     1.000
     0.000     3.000     2.000     3.000 1688     0.000     0.859     0.141     2.000
     0.000     0.000     0.000     1.000 1693     0.000     0.000     1.000     3.000
     3.000     3.000     3.000     3.000 1700     0.000     1.000     0.000     2.000
     3.000     3.000     3.000     3.000 1702     0.000     1.000     0.000     2.000
     2.000     2.000     2.000     2.000 1706     0.000     0.003     0.997     3.000
     2.000     3.000     3.000     3.000 1728     0.000     0.999     0.001     2.000
     1.000     1.000         *     1.000 1751     0.000     0.000     1.000     3.000
     4.000     4.000     4.000     3.000 1756     1.000     0.000     0.000     1.000
     3.000     3.000     3.000     3.000 1758     0.000     1.000     0.000     2.000
     1.000     1.000     2.000     1.000 1761     0.000     0.000     1.000     3.000
     3.000     3.000     3.000     3.000 1762     0.000     1.000     0.000     2.000
     0.000     0.000     0.000     0.000 1774     0.000     0.000     1.000     3.000
     3.000     3.000     3.000     3.000 1778     0.000     1.000     0.000     2.000
     2.000     2.000     2.000     2.000 1788     0.000     0.003     0.997     3.000
     0.000     1.000     0.000     0.000 1790     0.000     0.000     1.000     3.000
     3.000     3.000     3.000     3.000 1795     0.000     1.000     0.000     2.000
     3.000     3.000     3.000     3.000 1806     0.000     1.000     0.000     2.000
     4.000     4.000     4.000     4.000 1813     1.000     0.000     0.000     1.000
     2.000     2.000     3.000     2.000 1814     0.000     0.027     0.973     3.000
     3.000     3.000     3.000     3.000 1818     0.000     1.000     0.000     2.000
     4.000     2.000     4.000     4.000 1820     1.000     0.000     0.000     1.000
     4.000     4.000     4.000     4.000 1846     1.000     0.000     0.000     1.000
     3.000     3.000     3.000     3.000 1848     0.000     1.000     0.000     2.000
     3.000     3.000     3.000     3.000 1852     0.000     1.000     0.000     2.000
     3.000     3.000     3.000     3.000 1855     0.000     1.000     0.000     2.000
     3.000     3.000     3.000     3.000 1867     0.000     1.000     0.000     2.000
     2.000     1.000     2.000     1.000 1885     0.000     0.000     1.000     3.000
     4.000     4.000     4.000     4.000 1890     1.000     0.000     0.000     1.000
     3.000     3.000     3.000     3.000 1892     0.000     1.000     0.000     2.000
     1.000     2.000     3.000     2.000 1896     0.000     0.000     1.000     3.000
     4.000     4.000     4.000     4.000 1901     1.000     0.000     0.000     1.000
     3.000     3.000     3.000     3.000 1905     0.000     1.000     0.000     2.000
     3.000     4.000     4.000     4.000 1915     1.000     0.000     0.000     1.000
     1.000     1.000     1.000     1.000 1921     0.000     0.000     1.000     3.000
     3.000     3.000     3.000     2.000 1937     0.000     0.997     0.003     2.000
     3.000     3.000     3.000     3.000 1940     0.000     1.000     0.000     2.000
     4.000     4.000     4.000     4.000 1943     1.000     0.000     0.000     1.000
     3.000     3.000     3.000     2.000 1946     0.000     0.997     0.003     2.000
     1.000     2.000     2.000     1.000 1952     0.000     0.000     1.000     3.000
     1.000     1.000     2.000     0.000 1958     0.000     0.000     1.000     3.000
     1.000     1.000     1.000     1.000 1961     0.000     0.000     1.000     3.000
     3.000     3.000     3.000     3.000 1963     0.000     1.000     0.000     2.000
     0.000     0.000     0.000     0.000 1968     0.000     0.000     1.000     3.000
     2.000     1.000     3.000     0.000 1969     0.000     0.000     1.000     3.000
     2.000     2.000     1.000     1.000 1972     0.000     0.000     1.000     3.000
     3.000     4.000     4.000     3.000 1973     1.000     0.000     0.000     1.000
     3.000     3.000     3.000     3.000 1974     0.000     1.000     0.000     2.000
     3.000     3.000     3.000     3.000 1978     0.000     1.000     0.000     2.000
     4.000     4.000     4.000     4.000 1993     1.000     0.000     0.000     1.000
     3.000     2.000     2.000     2.000 1996     0.000     0.097     0.903     3.000
     2.000     3.000     3.000     2.000 1998     0.000     0.893     0.107     2.000
     2.000     3.000     3.000     3.000 1999     0.000     0.999     0.001     2.000
     3.000     3.000     3.000     3.000 2001     0.000     1.000     0.000     2.000
     2.000     2.000     2.000     2.000 2002     0.000     0.003     0.997     3.000
     3.000     3.000     2.000     1.000 2005     0.000     0.857     0.143     2.000
     1.000     2.000     3.000     2.000 2008     0.000     0.000     1.000     3.000
     3.000     3.000     3.000     3.000 2010     0.000     1.000     0.000     2.000
     3.000     3.000     3.000     3.000 2024     0.000     1.000     0.000     2.000
     3.000         *         *         * 2029     0.019     0.925     0.057     2.000
     0.000     1.000     0.000     0.000 2030     0.000     0.000     1.000     3.000
     2.000     1.000     1.000     0.000 2038     0.000     0.000     1.000     3.000
     4.000     4.000     2.000     2.000 2048     0.981     0.000     0.019     1.000
     3.000     3.000     3.000     2.000 2054     0.000     0.997     0.003     2.000
     1.000     1.000     1.000     1.000 2066     0.000     0.000     1.000     3.000
     4.000     4.000     4.000     4.000 2069     1.000     0.000     0.000     1.000
     3.000     3.000     2.000     3.000 2070     0.000     1.000     0.000     2.000
     3.000     3.000     2.000     2.000 2078     0.000     0.969     0.030     2.000
